0	0	9.321208562218996E-5	0.18271185482056276	2.359910302311521E-5	2.911627088262404E-4	0.041984893867899914	0.02098289729794686	2.393482599275637E-4	0.29733666129700587	1.4501228168774892E-4	1.9061037410475247E-5	4.480050651912201E-4	5.855684206418857E-4	0.01619009471838013	0.01601086240242866	2.0393434742615882E-4	5.152650952453968E-4	2.1234711004401689E-4	1.6321538940927788E-4	0.42135007137411923	4.929333172014028E-4
1	1	3.621032147301398E-5	1.0610513263228706E-4	9.167599901212265E-6	0.0021380345409627477	1.1056502636215874E-4	5.1572743280383206E-5	9.29801900486643E-5	8.630830406926348E-5	5.6333267326856314E-5	7.404686716699158E-6	1.740375974191353E-4	0.2290441002723625	2.1462714919367974E-4	1.4500034344596598E-4	0.02640325914986372	2.001662618974519E-4	0.24104866930802726	6.34046720487302E-5	0.45527219334919256	0.04473986008377578
2	2	7.518458189378739E-5	2.203092850111433E-4	1.9034963996545808E-5	2.348509464201079E-4	2.295694967886339E-4	1.0708204133291007E-4	0.5299492988998687	1.7920453316730314E-4	1.169664608980924E-4	1.5374574215376852E-5	0.0045657741229283245	0.18126214607905652	4.4563681897185866E-4	3.010685835685046E-4	1.6449281810048929E-4	4.156112428114718E-4	1.712785265821024E-4	1.3164903166212348E-4	0.2809978684934764	3.9759849924956995E-4
3	3	4.5988205757561875E-5	1.3475673434889436E-4	1.164312973233765E-5	0.5376325515653638	1.4042093455929715E-4	0.06435842958376814	1.1808765946808555E-4	1.0961416205822845E-4	7.15449568917503E-5	9.404176556444754E-6	0.013079619150911248	0.07229698520411774	2.725829845403003E-4	0.01561445818375268	1.006154370204935E-4	2.542172193837701E-4	1.0476605607034211E-4	8.052585521343159E-5	0.29532058944854633	2.4319935193917646E-4
4	4	6.626870616195807E-5	0.07801656819176682	1.6777674412987304E-5	2.070007968144052E-4	2.0234565576125992E-4	9.438355781958049E-5	1.7016355123524628E-4	1.579532964369146E-4	1.0309581875456754E-4	1.3551357411062693E-5	3.1850715308056764E-4	4.163071917790148E-4	0.2227424606317478	2.653659167418575E-4	1.4498619203406765E-4	3.66325363974066E-4	1.5096720715900358E-4	1.1603723497522663E-4	0.3922026030437273	0.3042283314582064
5	5	2.2680246807487648E-4	6.645869182451025E-4	5.7421039066651225E-5	7.084534213816304E-4	6.92521354177697E-4	3.2302462352067383E-4	5.823791595118598E-4	5.405899639099927E-4	3.52842050131331E-4	4.637907520153361E-5	0.0010900802596270395	0.001424797676629509	0.05207660768462236	9.082061254208608E-4	4.962104754201666E-4	0.0012537365142559576	5.166803030430778E-4	3.9713362166218823E-4	0.47985148636210506	0.4577900609039924
6	6	1.366675239133452E-4	4.004694010286219E-4	3.460099573158033E-5	4.269026511484003E-4	0.046273001932500564	1.9464944907493842E-4	3.509323261991329E-4	3.2575082822993036E-4	2.1261695136420394E-4	2.7947285684262642E-5	6.568648534321074E-4	0.01614379342173212	0.008452677389009186	5.472704217805266E-4	0.2525053567515202	0.130679963936	3.113432506756584E-4	2.393063408701182E-4	0.5260719124212346	0.016007971868870596
7	7	5.454492769450823E-5	1.5983003055516863E-4	1.3809490040470008E-5	1.7037971840513908E-4	1.6654813111669875E-4	7.768590387501448E-5	1.400594509221818E-4	0.042833084824452125	8.485685484534372E-5	1.1153949623558074E-5	2.6215917951535726E-4	0.10710034584197224	3.2330070150778117E-4	2.1841930497174244E-4	1.1933628735519342E-4	0.046054812895366025	0.6010175355632718	9.550876964650527E-5	0.19470773897045426	0.006388889204408915
8	8	8.815733084814515E-5	2.5832262464507396E-4	2.2319358257476478E-5	2.7537338190967915E-4	2.691806427763098E-4	1.255585481477573E-4	0.1333327709089834	2.101254395779618E-4	1.3714847820922463E-4	1.8027385291163478E-5	4.2371040718678125E-4	5.538139035102056E-4	0.06954066382409917	3.530165635173167E-4	1.9287528668995434E-4	4.873230244001298E-4	0.005130698583980072	0.1874893008234732	0.5020280762893975	0.09906353719509962
9	9	2.6357479246838863E-4	7.723388574229661E-4	6.6730924860638E-5	0.08925988382190343	8.048024069431783E-4	3.7539780245483264E-4	6.768024502078014E-4	6.282378175048333E-4	4.1004963890773564E-4	5.3898686486446286E-5	0.03074567441814481	0.0016558054024486373	0.07525940872268307	0.001055456949204335	5.766629181316156E-4	0.3257244189432287	6.004515947424508E-4	0.08889808858969607	0.38077845312639097	0.0013938621361690073
10	10	7.424807284624149E-5	2.1756508356086758E-4	1.8797861979703326E-5	0.004383969484045825	2.2670994892166785E-4	1.0574821333238167E-4	1.906528206090511E-4	1.7697233791602802E-4	1.1550951126651457E-4	1.5183066495413644E-5	3.5685836760082325E-4	4.6643443778847425E-4	0.09593709496236344	2.9731843366620085E-4	1.6244387390838014E-4	4.1043433447001705E-4	0.3987653567634558	1.30009193996651E-4	0.4975560472717639	3.9264596001268334E-4
11	11	2.524135008276669E-4	7.396335324849092E-4	6.390514889454672E-5	7.884535374863687E-4	7.707223862669788E-4	3.5950127337006836E-4	6.481426931074318E-4	6.016345697692102E-4	3.926857492726114E-4	5.161630222164902E-5	0.001213174516358238	0.001585688959127418	0.07207248708425329	0.0010107627555222556	5.522436519818432E-4	0.39662299718778793	5.750249774916349E-4	4.4197882232493725E-4	0.5199220954552825	0.0013348378961684862
12	12	2.5974628093916027E-4	7.61120378628301E-4	6.576163598140779E-5	8.113586372514721E-4	7.931123842939062E-4	3.6994502451167E-4	6.669716695046683E-4	6.1911245424498E-4	4.0409353151441403E-4	5.3115790137781344E-5	0.0012484180430957243	0.0016317542782342705	0.016064910323287704	0.0010401260859575485	5.682866974396838E-4	0.5388731526252915	0.05869306029098745	4.5481860113002706E-4	0.37524751944254503	0.0013736158250233091
13	13	2.938980119659889E-4	0.017296332899378604	7.440804930367321E-5	9.180369767661647E-4	8.973916860976403E-4	4.185858093812534E-4	7.546658492907247E-4	7.005140509734688E-4	4.5722420021181886E-4	6.009951352933155E-5	0.00141256144127139	0.1333274156611708	0.23183395699562434	0.0011768830250489324	6.430056669160195E-4	0.001624632536835304	6.695311350677767E-4	0.23060657254860709	0.37528006357520843	0.0015542203673512096
14	14	3.814114631862545E-5	1.1176292350514637E-4	9.656439241594198E-6	1.1913990987049928E-4	1.1646062991582621E-4	5.432273085385219E-5	0.614373131402795	9.091047856262492E-5	5.933709794101499E-5	7.799523119828774E-6	1.833177171059441E-4	0.051429206253171364	2.2607160523129753E-4	1.5273212417473737E-4	8.344722395872269E-5	0.010875339510555254	8.688961458660925E-5	6.678556763704394E-5	0.3217138463408817	2.017017605732916E-4
15	15	0.04991896274917928	1.7417431878371547E-4	1.50488522851101E-5	1.8567081095272118E-4	1.814953496610831E-4	8.465799161476969E-5	1.5262938616014275E-4	0.3624542079895128	0.04662802691377288	1.2154984708962646E-5	2.8568721626580774E-4	3.7340964427476375E-4	3.5231601503059415E-4	0.013533894498434154	1.300463779182852E-4	3.2857809461766456E-4	1.3541109122208476E-4	1.0408040862701883E-4	0.47145171916585255	0.05349782814112572
16	16	7.518458189378739E-5	2.203092850111433E-4	1.9034963996545808E-5	2.348509464201079E-4	2.295694967886339E-4	1.0708204133291007E-4	0.03382837448088595	0.2440352521289385	1.169664608980924E-4	1.5374574215376852E-5	0.08444965178361201	0.05092529305373054	0.11816924600313729	0.09700260469913295	1.6449281810048929E-4	0.025642098925132632	1.712785265821024E-4	1.3164903166212348E-4	0.3440640876992793	3.9759849924956995E-4
17	17	2.389236113906591E-4	0.040782814543153016	6.0489826852674135E-5	7.463157318141971E-4	7.295321973774124E-4	3.4028822646757023E-4	0.013974406838855606	5.694810446960427E-4	3.716992040846313E-4	4.885774054474167E-5	0.4955017577067262	0.06830546017698158	0.06822067298148649	9.56743942050191E-4	5.227297560012527E-4	0.0013207407232423835	5.442935651684245E-4	4.183578772205271E-4	0.2382784188047513	0.06806801550113496
18	18	1.3987454651286793E-4	4.098667646651392E-4	3.541293826262031E-5	4.3692029404428803E-4	4.2709460434135673E-4	1.9921706809878043E-4	3.591672591868506E-4	3.3339485541380634E-4	2.1760619349387746E-4	2.8603093108135904E-5	6.722787598926111E-4	8.787070554512039E-4	0.4075708479493044	5.601125993545735E-4	0.07070364044667735	7.732095151640089E-4	3.186491914912599E-4	2.44921872793168E-4	0.5149507766613053	7.39698331438429E-4
19	19	1.0981159135127526E-4	3.217749246875091E-4	2.780170661489902E-5	3.430138933694881E-4	3.3530001940669773E-4	0.0062971994639263095	2.8197216202560204E-4	2.617389691980189E-4	1.7083653167202864E-4	2.2455487793014163E-5	0.05579498471615813	6.898483140519999E-4	6.508793029553795E-4	4.397287240918175E-4	2.4025162694910426E-4	6.07025148069357E-4	2.501625611864516E-4	0.018614680466578923	0.44725903922281035	0.4672814951671037
20	20	5.4711810736182695E-5	1.6031903884205018E-4	1.385174089310353E-5	0.30000699530951264	1.6705769378147335E-4	7.792358793624384E-5	0.006259591935511361	1.3040711612344064E-4	8.511647880383227E-5	1.118807571224387E-5	0.003322513251862035	3.4370552261967034E-4	3.242898568100906E-4	0.04305281532811822	1.1970140292978016E-4	3.0244024883524506E-4	0.030720159189225788	9.580098369204336E-5	0.6144620790504315	2.8933237762316077E-4
21	21	4.169871374123419E-5	0.035099840535696036	1.055713145931919E-5	1.3025253502725427E-4	1.273233486066568E-4	5.938961520961772E-5	0.0117662908703612	9.939003904060221E-5	6.48716910763035E-5	8.527013823206944E-6	2.0041644646544006E-4	2.619558374353101E-4	0.014238219376161732	1.6697802084524575E-4	9.12306587559542E-5	2.3050542817564277E-4	0.352203368333316	7.3014907409403E-5	0.5336050964285843	0.05152107306880953
22	22	1.4439226708997177E-4	4.231047951915033E-4	3.6556718627763654E-5	4.510321096116511E-4	4.408890660965945E-4	2.0565145570036855E-4	3.7076777806539546E-4	3.441629675267915E-4	2.2463451996614304E-4	2.9526926539771408E-5	0.5013188070848622	9.070878655744599E-4	8.558471560167985E-4	5.782033262143493E-4	3.15909064428948E-4	7.981829261537459E-4	3.289410426190499E-4	2.5283245132289863E-4	0.4912098810927471	7.635893856445019E-4
23	23	0.4438042320924902	9.376390981093317E-5	8.101304705955565E-6	0.1897767945713189	0.04662221341209962	4.557425196764517E-5	8.21655459791914E-5	7.62696755370955E-5	4.978107341230785E-5	6.5434381943510835E-6	1.5379506328569168E-4	2.010190047121062E-4	0.005557876093994243	1.281351692244601E-4	7.000835103314138E-5	1.7688466959263027E-4	7.289635712894019E-5	5.6029994064206935E-5	0.3128486975982543	1.6921842319407194E-4
24	24	0.08349377003914736	2.73134297226424E-4	2.359910302311521E-5	0.01592876732511221	2.8461489113731984E-4	1.327578095655656E-4	2.393482599275637E-4	2.2217358757242115E-4	0.4015101974330276	1.9061037410475247E-5	4.480050651912201E-4	5.855684206418857E-4	5.524901020941591E-4	3.7325778614269065E-4	2.0393434742615882E-4	5.152650952453968E-4	2.1234711004401689E-4	1.6321538940927788E-4	0.49432555958345376	4.929333172014028E-4
25	25	5.231108354549347E-5	1.5328431872304053E-4	1.324393335478597E-5	1.634019524944067E-4	1.5972728481714743E-4	7.450433944423797E-5	1.3432342746076955E-4	0.4389197381938848	8.138160981868012E-5	1.0697148484421186E-5	2.514226587420452E-4	0.020805726380592415	0.023712463019777554	0.03531307837818661	1.1444896458218362E-4	2.891693203251526E-4	1.1917024857892762E-4	9.159728391772457E-5	0.4792636738372519	2.7663661601775447E-4
26	26	1.243162092693939E-4	3.6427701650488197E-4	3.147393399052077E-5	3.8832136412651704E-4	3.7958859231221586E-4	1.7705802338758406E-4	3.1921685016279573E-4	2.9631112770863685E-4	1.9340171434416352E-4	2.5421552364109783E-5	0.36904904110814046	0.16762694843300885	7.368516077367502E-4	4.978109087873365E-4	2.7198559974944166E-4	6.872049153515763E-4	0.014187037345101572	2.1767905277895766E-4	0.44376863344267653	6.574212024977797E-4
27	27	4.9013370455446274E-5	1.4362120968206018E-4	1.2409030129166342E-5	1.531010234912548E-4	1.4965800843672E-4	6.980755400608298E-5	1.2585562111812028E-4	1.1682472589702763E-4	7.625127831341168E-5	1.0022795666770685E-5	2.3557286675394675E-4	3.0790730339692006E-4	0.003031402021087081	0.4688881456922447	1.0723405288346525E-4	2.7093996263947236E-4	1.1165770511686884E-4	8.582295194607739E-5	0.5175728909940952	0.008481861832640223
28	28	0.0032227248289882168	1.659024993718348E-4	1.4334158010272281E-5	1.768530045792942E-4	1.728758426810852E-4	8.06374470057825E-5	1.4538077035914935E-4	1.3494882864203696E-4	8.80808460010662E-5	1.1577724874281951E-5	2.721194694375962E-4	3.556758178090435E-4	3.355839590501405E-4	0.16169820333304846	1.238702656141226E-4	3.1297339077638117E-4	0.009627302880023229	9.913746209799275E-5	0.48072279198245815	0.3422390254891719
29	29	9.726819655406087E-5	2.850196981532888E-4	2.462601470646047E-5	0.32122593110405995	2.9699986851025947E-4	1.3853474717055294E-4	2.497634661439705E-4	0.054625417455648306	1.513224709414609E-4	1.9890475800329533E-5	4.6749994324620767E-4	0.0767620557704333	0.006015889233520594	3.8950004675378556E-4	2.1280852216924907E-4	5.376867841464209E-4	2.215873649814699E-4	1.7031768436184293E-4	0.4723212066924056	0.06578667446029297
30	30	1.543636577444534E-4	4.523234180836147E-4	3.9081239710712374E-5	4.821793272105713E-4	4.7133582894573906E-4	2.1985326196588992E-4	0.42337447884937046	3.679300533076176E-4	2.401472520411139E-4	3.1565986700595564E-5	0.13022501164074943	0.20814267945210385	9.149499494361511E-4	6.181326891892476E-4	3.37725002056342E-4	0.009485509822953594	3.5165693803610327E-4	2.702924662743913E-4	0.22300446208987942	8.163210742406272E-4
31	31	7.988686705165563E-5	2.340881350752688E-4	2.022547176325735E-5	2.4953927867980803E-4	2.4392751023045203E-4	0.5138615826866342	2.0513201150094775E-4	1.9041256007002304E-4	1.2428191892413385E-4	1.6336149452220514E-5	3.839600931843033E-4	0.004969230157300515	4.735083765022483E-4	3.198983794702036E-4	0.022511641744088994	4.4160490440124314E-4	1.8199083558378504E-4	1.3988278480724382E-4	0.4549304045492588	4.2246558602080633E-4
32	32	4.1123354372372856E-5	0.4830509351860047	1.0411464028637423E-5	1.2845530893507956E-4	1.2556653946500698E-4	5.8570156563099965E-5	1.0559578455638422E-4	9.801865405044706E-5	6.397659067905263E-5	8.409357980822032E-6	1.97651097853889E-4	0.01635602248956736	2.4374785848840406E-4	1.646740560447144E-4	8.997185699606383E-5	2.2732491142164266E-4	9.368340379898689E-5	7.200744681229108E-5	0.2778781836710398	0.22098567081134132
33	33	1.4439226708997177E-4	4.231047951915033E-4	3.6556718627763654E-5	4.510321096116511E-4	4.408890660965945E-4	2.0565145570036855E-4	0.17801183109894134	0.16183603871377766	0.03252300966921632	2.9526926539771408E-5	6.939922714844953E-4	0.21084652633570058	8.558471560167985E-4	5.782033262143493E-4	3.15909064428948E-4	0.08961871458659172	3.289410426190499E-4	2.5283245132289863E-4	0.3216434115591837	7.635893856445019E-4
34	34	6.277898453345891E-5	1.839578388003886E-4	1.589415915117087E-5	0.0072174566949582625	1.9169009822529173E-4	0.12296315373704535	1.612027089384828E-4	1.4963544828817458E-4	9.76667749516545E-5	1.2837740565468457E-5	0.0038124128089388138	0.024969132469195687	0.003882784204149243	0.010783426595597213	1.3735119386557363E-4	3.4703460639380135E-4	0.021207087036350134	0.5969252373726255	0.16441912595072336	0.042460133576703016
35	35	6.962283950072227E-5	2.0401201422544794E-4	1.7626861915728026E-5	2.17477963398118E-4	0.16762857713821344	9.916070009756818E-5	1.7877623244326257E-4	1.6594796614197808E-4	1.0831392459666398E-4	1.4237247664704725E-5	3.3462811759995154E-4	4.3737822080590827E-4	0.05102680754592079	2.7879718347189274E-4	1.523245429469922E-4	0.02374523729410634	1.5860828198781648E-4	1.2191035942430253E-4	0.31471872125898	0.44032183430655847
36	36	4.0380460905832966E-5	0.002376449877239918	1.022338091328762E-5	1.261347635611267E-4	0.2981958261868933	5.7512086585370304E-5	0.0068780638330558815	9.624794689864841E-5	6.282085345984137E-5	8.2574429146244E-6	0.0972934646539857	2.536744303014607E-4	0.0024974697651866545	1.6169921894274814E-4	8.834651524671129E-5	0.10183885283441216	9.199101295033954E-5	7.070663216340127E-5	0.4896383341802066	2.1354392417645114E-4
37	37	1.1257683862771858E-4	3.298777781583559E-4	2.8501802047005085E-5	3.5165158109216204E-4	3.4374345833738213E-4	1.6033816220580496E-4	2.890727125547341E-4	2.683300126644471E-4	1.751384933147839E-4	2.3020956116501103E-5	0.4664033241171685	7.072198970344293E-4	0.15805316359095015	4.5080185983009376E-4	2.463015816843643E-4	6.223110993680848E-4	2.564620905209829E-4	1.971232853812936E-4	0.3577948292536534	0.013186211429289904
38	38	5.904763407822219E-5	1.7302406580846705E-4	1.4949469165739233E-5	0.1091509916213272	1.8029674835522326E-4	8.409890743167398E-5	1.5162141663417004E-4	1.407416711390387E-4	9.186182337612955E-5	1.2074712786998394E-5	0.39652578957047385	3.709436346051818E-4	3.499893083878093E-4	0.11580703004637262	0.013337253848729217	3.264081539882154E-4	1.345168318866815E-4	1.033930581581075E-4	0.36267370597231163	3.1226150498389437E-4
39	39	5.8277895767025135E-5	1.7076854356289453E-4	1.4754589568468923E-5	1.820402352651668E-4	0.0392856087277931	8.30026035409166E-5	1.4964489691406265E-4	1.3890697855653656E-4	9.066432298694625E-5	1.1917308190286845E-5	2.801009366761535E-4	0.010143023632028044	3.454268871599143E-4	0.1696999042407767	1.2750347300231074E-4	3.221531340346809E-4	1.3276328560797937E-4	1.0204523789030997E-4	0.4296433132624967	0.34901817980818184
40	40	6.777569654009331E-5	0.07221051084239564	1.7159208856198933E-5	2.117081198803369E-4	2.0694711810978443E-4	9.65298968946284E-5	1.7403317310162348E-4	1.615452497390272E-4	0.20856097331050993	1.3859523458234841E-5	3.257501979936009E-4	0.0610673838775086	0.015562125003442288	0.03438230590287289	1.4828326555507197E-4	0.20883018885447396	1.5440029257410965E-4	1.1867599173902577E-4	0.3973314263711859	3.5841810316912976E-4
41	41	3.2522414663095525E-5	0.5493407561157974	8.233908822786324E-6	1.0158891186340842E-4	9.930432783553283E-5	4.6320222357815697E-5	0.0019022040192626531	7.751807605190764E-5	5.059590207439649E-5	6.650542774945454E-6	0.012887167392253459	0.05112772922899645	0.03838533297472444	1.3023251669708118E-4	7.115426467254601E-5	0.001998473528423806	7.408954235133485E-5	5.6947106572449564E-5	0.3234255615274183	0.02017761747638619
42	42	0.042683446883756006	2.7895045308356343E-4	2.4101625271931683E-5	2.9736276393289184E-4	0.2025848626757843	1.3558477095242387E-4	2.4444497168441725E-4	2.2690457970992565E-4	1.4810019133534687E-4	1.946692552304057E-5	4.5754494103398185E-4	0.005921568828807905	5.642548953696176E-4	0.3144695492055509	2.0827695090473733E-4	5.262372145732258E-4	2.1686885594107396E-4	1.6669091830743426E-4	0.3025576026626172	0.1282681796858601
43	43	5.487971808646466E-5	1.6081104860465008E-4	1.3894251076532996E-5	1.714254892057854E-4	0.0032365119530537068	7.816273087446478E-5	1.409191194643066E-4	1.3080732794300154E-4	8.537769630383782E-5	1.1222411262873974E-5	2.6376828192276145E-4	0.009551585041699638	3.2528508343205085E-4	0.06159859131656816	0.003189010328512467	0.4207483633693649	1.2502187305330398E-4	9.609499131324421E-5	0.42607344999116087	0.07394481797709701
44	44	1.2177646995243902E-4	3.568349567242814E-4	3.08309318584195E-5	3.8038808622267993E-4	3.7183372206779115E-4	1.734407861341113E-4	0.6336325117191062	0.013910038585791377	1.8945058085342184E-4	2.490219840040223E-5	5.852940098447003E-4	7.650129777207576E-4	0.014341578968531991	4.8764079545387347E-4	2.664290232950204E-4	0.11644130401988052	2.7741983556268105E-4	0.020642903436862692	0.1963564185924402	6.439903032964923E-4
45	45	2.6357479246838863E-4	7.723388574229661E-4	6.6730924860638E-5	8.233175992270771E-4	0.01554423011072257	0.059333108617572405	0.015416230153987194	6.282378175048333E-4	4.1004963890773564E-4	5.3898686486446286E-5	0.07496395752948298	0.0016558054024486373	0.0015622702037861077	0.001055456949204335	0.01531609062191101	0.0014570094600820623	6.004515947424508E-4	4.6152236701971715E-4	0.41025730853394976	0.3993584101382126
46	46	1.3987454651286793E-4	0.016053781318236173	3.541293826262031E-5	0.016080834847615324	4.2709460434135673E-4	1.9921706809878043E-4	0.031646996366328915	3.3339485541380634E-4	2.1760619349387746E-4	2.8603093108135904E-5	6.722787598926111E-4	8.787070554512039E-4	8.290695564575115E-4	5.601125993545735E-4	3.060249556076979E-4	0.4935565179526516	3.186491914912599E-4	2.44921872793168E-4	0.43673120389345005	7.39698331438429E-4
47	47	1.409772646539895E-4	4.1309799956889263E-4	3.5692120504323E-5	0.07139296853485648	4.3046165703195503E-4	2.0078762028636783E-4	0.2211034326128295	3.3602321464275004E-4	2.1932171860669018E-4	2.8828589100429468E-5	6.775787519419588E-4	8.856344502841762E-4	8.356056279798111E-4	5.645283157216843E-4	3.084375408749788E-4	7.793052072003062E-4	3.211613014703176E-4	2.4685274441362865E-4	0.653032039076689	0.048047265651342694
48	48	5.615374622906986E-4	0.0016454426387447684	1.421680497274719E-4	0.0017540511784133958	0.001714605167694553	7.997727224437581E-4	0.31546058496587437	0.001338440093048811	8.735973250290345E-4	1.1482938617520086E-4	0.0026989164089787077	0.0035276391760784573	0.003328365498956573	0.002248616460105406	0.0012285614592055987	0.003104110932179326	0.0012792424555565854	9.832582863466754E-4	0.6228248147549037	0.03437144557824689
49	49	8.134037802690022E-5	2.3834727911312966E-4	2.059346648219388E-5	0.11851909215851514	2.48365677933972E-4	1.1584946677253235E-4	0.05934137061402737	1.9387704373424335E-4	1.26543180879292E-4	1.663337944005675E-5	3.909461001476062E-4	0.02325426072274026	4.82123680212572E-4	3.2571880806733767E-4	0.013823923788799566	0.4052798752030131	1.8530208919376726E-4	1.424278985470734E-4	0.3767832568786628	4.301521856911542E-4
50	50	5.421419727191982E-5	1.5886090921277935E-4	1.3725756892955451E-5	1.693466295616773E-4	1.6553827490982945E-4	7.721485930856743E-5	0.2669309946863853	1.2922104065005478E-4	0.1759243820997572	1.1086318211647694E-5	2.6056959053080215E-4	0.2095295922909647	0.003353065207607035	2.1709493051405947E-4	1.1861269778572573E-4	2.996895020050748E-4	0.03044075398162684	9.492965703088312E-5	0.2571933596953766	0.0548577476743964
51	51	1.2261144043567435E-4	3.5928162525037435E-4	3.104232670409432E-5	3.829962487379373E-4	3.743832308745368E-4	1.7462999729344017E-4	3.1483937645639923E-4	2.922477639802003E-4	1.907495645003134E-4	2.5072942392571877E-5	0.3091355456593439	7.702583527586305E-4	7.267470392068037E-4	4.909843450803688E-4	0.020838005051527456	6.777811601634532E-4	2.7932198771284035E-4	2.146939837593015E-4	0.663950402027509	6.48405876312793E-4
52	52	3.9005783673506987E-4	0.001142965232492665	9.875345039906533E-5	0.0012184074155685448	0.001191007239013886	0.06599308889287737	0.5463144744318579	9.297136564396097E-4	6.068223505308475E-4	7.976333721778957E-5	0.0018747342193708087	0.0024503855899301046	0.0023119651556115723	0.0015619447160259631	8.533892344759316E-4	0.15484380190469468	8.885935104642182E-4	6.829955717641332E-4	0.1708793627521241	0.04568777350240561
53	53	5.437905961684553E-5	1.5934399636204557E-4	1.3767496152801043E-5	1.6986160320068134E-4	1.6604166755511217E-4	7.744966538168643E-5	1.3963353795712908E-4	1.2961399461501816E-4	8.459880989076004E-5	1.1120031085930378E-5	2.613619680974343E-4	3.416151440371457E-4	0.9886291596263046	2.1775510406853483E-4	1.1897339237273288E-4	0.0033415449704650548	1.238813194605693E-4	9.521833281413982E-5	0.005577107590129035	2.8757269043278743E-4
54	54	4.0471851413894105E-5	1.1859246169205613E-4	1.024651883580779E-5	1.2642023628400882E-4	0.3667677901461036	5.7642250003389486E-5	1.0392286737607788E-4	0.05215089106889714	6.2963031869541E-5	8.276131455723848E-6	1.9451978045617954E-4	2.542485553745111E-4	0.09076932153348119	1.620651824171802E-4	8.85464642500834E-5	0.018329610539604448	9.219921031168704E-5	7.086665795042173E-5	0.47037737828777504	2.140272244480693E-4
55	55	4.160170507409804E-5	1.2190321032930195E-4	1.0532571151344104E-5	1.2994951309491099E-4	1.2702714118835868E-4	5.925145009860336E-5	1.0682408459203751E-4	0.05128037006983862	6.472077236151454E-5	8.507176418850205E-6	0.007179206273940124	0.0025877651118256678	2.465831563606582E-4	1.6658956005617323E-4	9.101841804601794E-5	2.299691760386169E-4	0.10943645172523599	0.4095225350733061	0.41836919158336494	2.2000222767816428E-4
56	56	2.239619422024893E-4	6.562634800049945E-4	5.6701884868407095E-5	6.995805890447646E-4	0.013208076284674937	3.189789894130869E-4	5.750853100040741E-4	0.0756791888477553	3.484229757677606E-4	4.579821307879933E-5	0.0010764278456708257	0.001406953185351543	0.47724814804834825	8.968315446298493E-4	4.899958221778783E-4	0.001238034432016161	5.102092810078935E-4	3.9215982954827767E-4	0.423744803928373	0.0011843775660616762
57	57	1.658144113404793E-4	4.858769376222756E-4	4.198030062112067E-5	0.1674237851706315	5.062996961998512E-4	2.3616205878270024E-4	4.2577516166861814E-4	0.19511870044329735	2.579614645964933E-4	3.390756334503044E-5	0.019342046548408622	0.0010416640966693911	9.828212772912738E-4	0.019209079069009323	3.627775684328567E-4	9.16601939352724E-4	3.777429806100009E-4	2.903428620436728E-4	0.5919037843746593	8.768760754174406E-4
58	58	2.7731141959813983E-5	0.1970277390101127	7.0208715070579905E-6	0.06211701000042574	0.020244550499704854	3.949622668307972E-5	7.120751058815097E-5	6.609794487020108E-5	4.3142003985394996E-5	5.670770381361148E-6	0.24050103526007835	0.046697000578865784	0.08545615170235918	0.01561864322660445	6.0671663993006224E-5	0.09319887546801638	0.0016139341948822352	4.8557535254393186E-5	0.23700881383787306	1.4665055185483317E-4
59	59	1.809120499554852E-4	5.301167256858364E-4	4.580266685939384E-5	5.651074340064707E-4	5.523990055561216E-4	2.5766495101777685E-4	4.6454259732244083E-4	0.051015334474156994	2.814492238183283E-4	3.6994895342051596E-5	8.695172325903828E-4	0.021370159335258477	0.0010723085561576058	0.2131777703641693	3.958089833837763E-4	0.0010000598530665403	4.1213701768132947E-4	3.167789936811149E-4	0.7064984187477225	9.56716892568207E-4
60	60	5.573495468281885E-5	1.6331710181811783E-4	1.4110776824366882E-5	1.740969561343458E-4	1.7018177367997457E-4	7.938080615337758E-5	1.4311518009096655E-4	1.3284580805603534E-4	8.67082084299463E-5	1.1397299493827085E-5	2.67878803906537E-4	3.501330237416752E-4	0.9945791724145808	2.2318464024068243E-4	1.219398915515882E-4	3.08096064383135E-4	1.269701935787752E-4	9.759252002080683E-5	0.002599400514579576	2.9474306805266266E-4
61	61	2.1327740273337407E-4	6.249551559866545E-4	5.399681131487462E-5	6.662057382019476E-4	0.01257795935057949	3.037614771487879E-4	5.476497482634482E-4	5.083525960942719E-4	3.318007809433766E-4	4.361332036692526E-5	0.0010250747644748868	0.001339831750824535	0.0012641456654896217	8.540464538170466E-4	4.6661961972903685E-4	0.0011789715947192745	0.06011954671532668	3.7345108316126093E-4	0.5227965909070996	0.3947101490637248
62	62	8.603658631878653E-5	2.521083224678759E-4	2.1782435729673628E-5	2.687489005693594E-4	2.627051362009074E-4	1.2253806645285163E-4	2.2092314626427493E-4	2.050705862585976E-4	1.3384918497888528E-4	1.759371201218535E-5	4.1351747689467064E-4	5.404911566115373E-4	0.0341888638831127	0.49590555004588444	1.8823540926670544E-4	4.7559980605760423E-4	0.024252361029010804	1.5065101103287355E-4	0.4418383869686932	4.549871361821361E-4
63	63	1.6736632336197946E-4	4.904244208860636E-4	4.237320816560624E-5	0.00988212658118851	5.11038322828637E-4	2.3837237774764554E-4	4.297601324953873E-4	3.9892226691347446E-4	2.603758114240983E-4	3.4224915466293764E-5	8.044124333030539E-4	0.03848873885234095	0.019710682565409792	0.36568412386030474	3.6617292390907945E-4	9.251807206366436E-4	3.8127840233786396E-4	2.93060277100179E-4	0.5600062825550031	8.850830491768679E-4
64	64	8.815733084814515E-5	0.005188189371102766	2.2319358257476478E-5	0.010135106874825063	2.691806427763098E-4	0.5572005008978669	2.2636875462573022E-4	2.101254395779618E-4	1.3714847820922463E-4	1.8027385291163478E-5	0.025073044139475236	5.538139035102056E-4	0.010382262866606871	3.530165635173167E-4	1.9287528668995434E-4	0.030066523503146276	2.008318375223806E-4	1.5436445808092954E-4	0.3590619406421244	4.662022659457878E-4
65	65	2.1585181020065223E-4	6.324988019597695E-4	5.4648590605491755E-5	0.3386538370810874	6.590844851499279E-4	3.074280907000646E-4	5.542602638797929E-4	5.144887675902807E-4	3.358058485087258E-4	4.4139763657149356E-5	0.0010374481340600446	0.0013560044574498643	0.0012794047881123417	8.643553920352115E-4	4.722520450024761E-4	0.001193202606717055	4.917335320621407E-4	3.7795889901437956E-4	0.6498141078737077	0.0011414887684994093
66	66	1.7910012530902302E-4	5.248073415900376E-4	4.534393024689814E-5	5.594476004695268E-4	5.46866453285034E-4	2.550843076864263E-4	4.598899709129385E-4	4.2689010881978546E-4	2.786303691014117E-4	3.6624372965681167E-5	0.39146531076711893	0.0011251263912176847	0.0010615688497533483	7.171872169203996E-4	3.918447584885265E-4	0.37156354582595086	4.08009259357658E-4	3.1360629365215865E-4	0.21867848110666577	0.01096263495048788
67	67	1.658144113404793E-4	4.858769376222756E-4	4.198030062112067E-5	5.179475692026486E-4	5.062996961998512E-4	2.3616205878270024E-4	4.2577516166861814E-4	3.952232416303048E-4	2.579614645964933E-4	3.390756334503044E-5	0.21406552375007565	0.0010416640966693911	0.08443574007800571	6.639860021838943E-4	0.037452963702083716	9.16601939352724E-4	3.777429806100009E-4	2.903428620436728E-4	0.4249979467732304	0.2326905394107353
68	68	1.3772006557470507E-4	4.035536065268478E-4	3.486747447129259E-5	4.301904316891787E-4	4.2051608661396585E-4	1.9614853714389343E-4	3.5363502310228835E-4	3.282595904297334E-4	0.2697659159425165	2.816252103544427E-5	6.619236823647125E-4	0.1779991213760997	8.162994378024027E-4	5.514852118232526E-4	3.013112678789712E-4	7.612998060485354E-4	3.137410532620806E-4	2.4114935292141642E-4	0.545526394739215	7.283047934802676E-4
69	69	7.303509320158914E-5	2.1401075537927385E-4	1.849076412422655E-5	2.2813667813575118E-4	0.008391431328670965	1.0402062061093602E-4	1.8753815403617935E-4	1.7408116733974626E-4	0.11855578648996715	1.4935023012312357E-5	3.510284259022681E-4	0.43746955755136235	4.328962905406384E-4	0.05338722437742227	1.5979005267240833E-4	4.037291302257325E-4	1.6638176122368487E-4	1.2788525326808595E-4	0.3791538097211271	3.862313617774313E-4
70	70	9.780016663387208E-5	2.8657850110169243E-4	2.476069699186243E-5	3.0549430635201864E-4	2.986241922805425E-4	1.392924083909703E-4	2.511294490214744E-4	2.3310940572984318E-4	1.5215006957899929E-4	1.9999258921368517E-5	0.6184790375709496	6.143912426381371E-4	0.03886342691935796	3.916302638062105E-4	0.07678145674403787	5.406274501771397E-4	2.22799249774346E-4	1.7124916983554423E-4	0.26160924647604417	5.171964583765086E-4
71	71	4.6954229769618775E-5	0.9900409945730988	1.188770424251154E-5	1.4666897151067846E-4	1.4337060377002617E-4	6.687481191354129E-5	1.205681979603926E-4	1.1191670704482718E-4	7.304782366292548E-5	9.601719822538679E-6	0.002851414503401939	2.9497155851758417E-4	2.78308837593412E-4	1.8802317035239576E-4	1.0272895561823554E-4	2.5955728286651807E-4	1.0696676218934107E-4	8.221737390710885E-5	0.004815618237643851	2.483079751137453E-4
72	72	5.8468442776671695E-5	1.713268930861458E-4	1.4802831580021179E-5	0.029609282785292373	1.7852823874471376E-4	8.32739911346078E-5	1.5013417998169145E-4	1.3936115263119426E-4	9.096076154910462E-5	1.1956273348668223E-5	2.810167623967012E-4	0.03306357992128821	3.465563044035115E-4	2.341305997431273E-4	1.2792036186180672E-4	3.232064547754292E-4	1.3319737209532584E-4	0.22570667520921553	0.708966422895507	3.091985685882354E-4
73	73	1.4273347028397941E-5	4.182441132657434E-5	0.8604450841516791	4.4585059513097874E-5	8.417655898798637E-4	2.0328890551164627E-5	3.6650835047682155E-5	3.4020917939962976E-5	2.2205388991063402E-5	2.9187717436527503E-6	6.860195996335536E-5	8.96667124322217E-5	8.460150745803757E-5	5.715608525551408E-5	3.1227986074913974E-5	7.890132987548183E-5	3.251621259093602E-5	2.499278798305464E-5	0.13795319633734032	7.548171732572033E-5
74	74	1.9903441750579684E-4	5.832197121912146E-4	5.0390823169681924E-5	6.217155185812606E-4	6.07734058227173E-4	2.8347582955420467E-4	5.110768756832529E-4	4.7440404634742963E-4	3.096426265355088E-4	4.0700757339850724E-5	0.11225912152168833	0.0012503557745145203	0.001179724119614068	7.970119491321418E-4	4.3545806081317335E-4	0.6911757553949326	4.534217110853792E-4	3.485114590261241E-4	0.18736669196534675	0.001052553378711497
75	75	6.0444761304260585E-5	1.7711799161725783E-4	1.5303188848370497E-5	0.0745520131750812	1.8456275324814716E-4	8.608877332701575E-5	1.5520893394179808E-4	1.4407176257548823E-4	9.403536777762583E-5	1.2360412802666443E-5	2.905155382784019E-4	3.7972053920640577E-4	3.5827041226613215E-4	2.4204455503547623E-4	1.3224425641410415E-4	0.04765617046238632	1.3769963727970277E-4	0.5781107463100137	0.2968917312380288	3.196499305671918E-4
76	76	5.4711810736182695E-5	1.6031903884205018E-4	1.385174089310353E-5	1.7090100401039894E-4	1.6705769378147335E-4	7.792358793624384E-5	1.4048797009294793E-4	1.3040711612344064E-4	8.511647880383227E-5	1.118807571224387E-5	2.6296126915282885E-4	3.4370552261967034E-4	0.9946786842373022	2.190875701893307E-4	1.1970140292978016E-4	3.0244024883524506E-4	1.2463936213372173E-4	9.580098369204336E-5	0.002551682508590152	2.8933237762316077E-4
77	77	1.0717893388261868E-4	3.140605919082388E-4	2.7135179796915126E-5	3.347903709059675E-4	0.012314417961701062	1.526501676134767E-4	2.752120731390355E-4	2.554639572105013E-4	1.6674084317966324E-4	2.191713289875264E-5	5.151339007243204E-4	0.06060909232425009	6.352749187821455E-4	4.2918652999902873E-4	2.344917592314864E-4	0.4141493724196709	2.4416508562871193E-4	1.876714946710562E-4	0.5084592501772033	5.667941776027798E-4
78	78	5.3564624465281904E-5	0.015133957054208017	1.3561300369077253E-5	1.6731758604550544E-4	0.003158954772136037	0.0030716896123395452	1.3754224652158813E-4	1.2767276587563134E-4	8.333177355285802E-5	1.0953486385329184E-5	0.3537146369962923	0.003331898684739314	0.0662162882445097	2.1449378597227867E-4	0.06002518973916128	2.9609874237506573E-4	1.2202594899440706E-4	9.379224788616331E-5	0.49374376467379394	2.832657143767757E-4
79	79	1.1401235352273137E-4	3.340841892625619E-4	2.8865240582603717E-5	0.3063902888475185	3.4812667659543173E-4	1.6238270194320647E-4	2.9275880100483115E-4	2.717516021730367E-4	1.7737175833544124E-4	2.3314506066966105E-5	0.0069236888773768265	0.03259479558300088	6.757782149954783E-4	0.24273358818166668	2.494422773503914E-4	6.302464514650544E-4	2.597323471335926E-4	0.006575348412960213	0.4006114916377374	6.029313393082151E-4
80	80	1.905509006455537E-4	5.583609248337154E-4	4.824299666148981E-5	5.95215910371513E-4	5.81830386921862E-4	2.7139313546726635E-4	4.89293058863667E-4	4.541833489615679E-4	2.964446154790168E-4	3.896595405585473E-5	0.6615780202484924	0.0011970614024791545	0.0011294403064695904	0.03273056525374565	4.1689737243007127E-4	0.0010533422497184608	4.3409535145875295E-4	3.336567274893036E-4	0.29659474984483086	0.0010076900106241922
81	81	4.1736947109123683E-4	0.0012229950269788948	1.0566811246888818E-4	0.0013037196300580392	0.0012744009082701422	5.944406928753523E-4	0.024411529514386677	9.948116933183304E-4	6.49311716455586E-4	8.53483220481278E-5	0.11870508181748332	0.0026219602359466303	0.1891923752683894	0.0016713112226079668	9.131430774715959E-4	0.0023071677759257335	9.508123374263981E-4	7.308185445802721E-4	0.6496405603531491	0.0022071742790681775
82	82	3.2605008375317305E-4	9.554068004389676E-4	8.254819603944935E-5	0.0010184690640158431	9.955652045900776E-4	0.4927587022851129	8.372253412703425E-4	7.771494045240623E-4	5.072439509740305E-4	6.667432450013025E-5	0.0015670938811465595	0.0020482819509839265	0.0019325760480325088	0.0013056325434732715	7.133496757915969E-4	0.03826861148825855	7.427769967000263E-4	5.709172907298748E-4	0.37986898295221494	0.07465674251744966
83	83	5.324564049174834E-5	1.5602280003723431E-4	1.3480541145593584E-5	1.6632118909562236E-4	1.6258087211480827E-4	7.583538715410216E-5	1.367231654067261E-4	1.269124587405104E-4	0.49138055447835194	1.0888257017138566E-5	2.5591441796872803E-4	0.021177428413756205	0.009248285317810793	2.132164489082983E-4	1.1649363786349574E-4	0.262319785547465	1.2129926935326314E-4	9.323370343231831E-5	0.21389019962192585	2.8157883196063384E-4
84	84	3.234593264416862E-5	0.2732272773126588	8.189227735365275E-6	1.0103764233277956E-4	9.87654555394213E-5	4.606886690209283E-5	8.305728428281088E-5	7.709742627215762E-5	5.032134475631243E-5	6.614453781307047E-6	1.554641929337094E-4	0.058085583866662585	1.9172200160118735E-4	1.295258134059903E-4	7.07681479461358E-5	0.003796453340346742	7.368749741860202E-5	5.6638084611932114E-5	0.3668911131978685	0.29681826891029944
85	85	2.6656363980192015E-5	0.04181649935096935	6.748763055683136E-6	0.09399464210775302	0.0075346767266757505	3.7965468419368594E-5	6.844771568050713E-5	6.353618178998946E-5	0.4785422942575888	5.450987902074445E-6	1.28118430169144E-4	0.015074025902083347	1.579985809626533E-4	1.0674254673571665E-4	0.0030396337548061303	1.47353144535582E-4	6.0726050894495745E-5	4.6675587164705166E-5	0.30980916774622475	0.04933264033260878
86	86	4.887939749314513E-5	1.4322863600815073E-4	1.237511133292278E-5	0.5659657033244934	1.4924893379981898E-4	6.961674230074038E-5	1.2551160783711625E-4	1.1650539763102579E-4	7.604285335630364E-5	9.995399394824096E-6	0.00296832518845158	3.0706567073287503E-4	0.06862462565465013	1.9573229774333728E-4	1.0694093972697636E-4	2.7019937636549703E-4	1.1135250036601719E-4	8.558836381229262E-5	0.36035457376812313	2.5848883638074187E-4
87	87	5.437905961684553E-5	1.5934399636204557E-4	1.3767496152801043E-5	1.6986160320068134E-4	0.048821147738406415	7.744966538168643E-5	1.3963353795712908E-4	1.2961399461501816E-4	8.459880989076004E-5	1.1120031085930378E-5	2.613619680974343E-4	3.416151440371457E-4	3.223175621374911E-4	0.0306271963983506	0.24035355961720103	3.006008410368484E-4	1.238813194605693E-4	9.521833281413982E-5	0.638093486511196	0.03981984637299947
88	88	1.2972733017060846E-4	3.8013292933737635E-4	3.2843902259827415E-5	4.0522385706900785E-4	0.09470477236878941	1.8476484116067206E-4	3.3311142577837504E-4	3.09208684236701E-4	2.0181992517096417E-4	2.652807816752021E-5	0.19649534341992228	0.0588510604633564	7.68924602554969E-4	5.194791612961825E-4	2.8382433721001123E-4	0.015226141764975836	2.955327463340961E-4	2.2715398512423464E-4	0.5719022700326005	0.05872213614448512
89	89	1.0654037580187145E-4	3.1218945994655224E-4	2.697351194200974E-5	0.03012214227847304	3.253116509320991E-4	1.5174069786484345E-4	2.735723955750228E-4	2.539419363402892E-4	1.6574742302753157E-4	2.178655348531458E-5	5.120648002671856E-4	6.692981835613293E-4	6.31490033840776E-4	0.036173845346555523	0.5006941166413356	5.889422655720844E-4	2.4271038195872296E-4	1.8655337243278725E-4	0.42797761539912005	5.634172919675381E-4
90	90	5.18560004161859E-5	1.5195081341765732E-4	1.3128717032986873E-5	0.0030618319732016383	0.07555447789650618	7.385618487271603E-5	1.331548734648462E-4	1.2360021313457555E-4	0.2842661250282553	1.060408805674481E-5	0.003149086938506285	3.2576501278587663E-4	3.0736279284918105E-4	2.076517844693758E-4	0.05811048420796957	0.03798472375998927	1.1813352049057718E-4	9.08004283418866E-5	0.5359911757655764	2.7423000066273255E-4
91	91	6.651520004196733E-5	1.9490586759291222E-4	1.6840080853419115E-5	2.0777075947894084E-4	0.0039227103837598054	9.473462804146121E-5	0.059684589784082635	0.02619582538599688	1.0347929520747183E-4	1.3601763203798127E-5	3.196918761349405E-4	0.022735528176956267	3.9425134001348344E-4	2.66352975011564E-4	0.2382006986462116	0.022685360436140802	1.5152874660653466E-4	1.1646884847624605E-4	0.6242773935845526	3.5175222163676676E-4
92	92	0.03329059904824156	0.0043696089554852826	1.8797861979703326E-5	2.3192561212141013E-4	2.2670994892166785E-4	1.0574821333238167E-4	1.906528206090511E-4	1.7697233791602802E-4	1.1550951126651457E-4	1.5183066495413644E-5	0.5359705178458503	0.04613891702895703	0.004592129780026325	2.9731843366620085E-4	1.6244387390838014E-4	0.025322697566016503	1.6914505871204003E-4	1.30009193996651E-4	0.28164976593169433	0.06682534791080331
93	93	6.651520004196733E-5	0.037391026674121995	1.6840080853419115E-5	2.0777075947894084E-4	2.0309830310689714E-4	9.473462804146121E-5	0.11547877099387627	1.5854082142652032E-4	1.0347929520747183E-4	1.3601763203798127E-5	3.196918761349405E-4	0.05621203690283244	3.9425134001348344E-4	0.21600385365288025	1.4552548442548543E-4	3.676879522233535E-4	1.5152874660653466E-4	1.1646884847624605E-4	0.4940909707617008	0.07846360591534784
94	94	0.1870132338759593	0.052112333753756734	1.5674052921432078E-5	1.9338445628293115E-4	1.890355265428684E-4	8.817508575753458E-5	1.5897033413018628E-4	0.04169230198647871	0.003558375821962855	1.2659960372923836E-5	0.1387800184394398	0.0038509844109446147	0.09730467658751595	2.479103670849951E-4	1.3544912071125728E-4	3.4222878570988054E-4	1.4103670962760698E-4	1.084044020099991E-4	0.40102445708629236	0.07303068923649811
95	95	3.7189293792288816E-5	1.0897376189473112E-4	9.415452617575529E-6	0.2455173692611648	1.1355423208818669E-4	5.2967049821908646E-5	9.549397696343646E-5	0.03128370984052402	5.785627809074588E-5	7.604877795752486E-6	1.7874283016647248E-4	0.2227584464916685	0.018937470627221134	1.489205329594652E-4	8.136471048948013E-5	2.055779020508364E-4	0.022961104487096727	6.511886337107637E-5	0.45718245144977987	1.9666808044306228E-4
96	96	2.5974628093916027E-4	7.61120378628301E-4	6.576163598140779E-5	8.113586372514721E-4	7.931123842939062E-4	0.46518058866752887	0.10234429996641467	6.1911245424498E-4	4.0409353151441403E-4	5.3115790137781344E-5	0.0012484180430957243	0.0016317542782342705	0.03059024293713199	0.0010401260859575485	5.682866974396838E-4	0.05953717636842999	5.917298356103035E-4	4.5481860113002706E-4	0.33167152160101215	0.0013736158250233091
97	97	5.293043320572029E-5	1.550991652963609E-4	1.340073809036786E-5	1.653365892271709E-4	1.6161841443778353E-4	7.538645149760582E-5	1.359137819998029E-4	1.2616115344465345E-4	8.234514696938885E-5	1.0823799947747504E-5	2.5439943780512434E-4	3.3251471597569275E-4	3.137312103952622E-4	2.1195423518382747E-4	0.8910562849420998	2.9259301007028375E-4	1.2058119341057722E-4	9.268177199992621E-5	0.10606633188714819	2.799119217947393E-4
98	98	4.941973233447152E-5	0.04712622320711606	1.2511911378778683E-5	0.25164310120735606	1.508987986324239E-4	7.038631707731177E-5	0.013944961204109691	1.177933006898034E-4	0.02494939530738319	1.0105893034741682E-5	2.37525963059954E-4	0.1246730193233911	0.03345627157791157	1.9789601058489652E-4	1.0812311296687307E-4	0.0942360087964915	1.1258344098113026E-4	8.653449607561248E-5	0.40855589411120236	2.613462882224921E-4
99	99	5.155698520976196E-5	0.20485332205786172	1.3053013430661335E-5	1.6104640693733274E-4	0.00592368520304166	0.0029565605563988515	1.3238706777879457E-4	1.228875021088918E-4	0.31722453544888374	1.0542942122739547E-5	2.477982373828952E-4	0.07528527295056495	3.0559045892035485E-4	2.0645441018869316E-4	1.1279910822540291E-4	0.0031681310017846	1.1745233183870324E-4	9.0276849419368E-5	0.38874399874885646	2.7264871904444937E-4
100	100	2.1317752113832124E-5	6.246624783892325E-5	0.953697404332007	6.658937422243515E-5	6.509187791122994E-5	3.0361922025488175E-5	5.473932741612423E-5	5.081145255462607E-5	0.001225279548249111	0.02623088948698761	1.024594703759537E-4	1.3392042838230632E-4	1.2635536436259362E-4	0.004853824684767878	4.6640109347494635E-5	1.1784194613854408E-4	4.856412152770614E-5	3.7327618938732E-5	0.009339035274898403	0.0036890796599340246
101	101	4.1409035565272965E-5	0.020962138030920563	1.0483791773028234E-5	0.004760636432611592	1.264388418180174E-4	0.020899776429082393	1.0632935141049176E-4	9.869958308561369E-5	6.442103177637596E-5	8.467777228379796E-6	1.9902416681372194E-4	2.6013604774967244E-4	0.0025610855351794505	0.0511099943212871	9.059688547018417E-5	2.289041223800385E-4	9.433421614055544E-5	7.250767773014749E-5	0.47663835684374195	0.4216662598782355
102	102	2.0163940765361957E-5	5.908529729272874E-5	5.1050345274163555E-6	6.298526177872586E-5	0.025996195265801377	2.871860006511863E-5	0.03275195776715679	0.0023032462198759843	3.136952723119483E-5	4.123345451458006E-6	9.691390914385215E-5	1.2667206048524128E-4	1.1951645130256949E-4	8.074433524100486E-5	4.4115739649804444E-5	1.1146381705371252E-4	0.39808607198807094	0.06205289226973744	0.46663610169186676	0.011382557477502475
103	103	1.1474392770504414E-4	3.3622788124006907E-4	2.905045792198852E-5	3.584208269663436E-4	3.503604739068853E-4	1.6342465037006844E-4	0.006711259379955996	0.256938377584355	1.785098858721538E-4	2.3464106440828805E-5	5.51493515767416E-4	7.208337854044768E-4	0.019929980597509354	0.35337369283572984	2.510428541690295E-4	6.342905047464748E-4	2.613989514409631E-4	0.006617539938615141	0.22993326864898708	0.12252261919289588
104	104	5.293043320572029E-5	1.550991652963609E-4	1.340073809036786E-5	1.653365892271709E-4	1.6161841443778353E-4	7.538645149760582E-5	1.359137819998029E-4	1.2616115344465345E-4	8.234514696938885E-5	1.0823799947747504E-5	2.5439943780512434E-4	3.3251471597569275E-4	3.137312103952622E-4	2.1195423518382747E-4	0.8910562849420998	2.9259301007028375E-4	1.2058119341057722E-4	9.268177199992621E-5	0.10606633188714819	2.799119217947393E-4
105	105	0.021970461504784596	0.022346280872231308	4.9293524637000954E-5	6.081771899060771E-4	5.945001864940723E-4	0.30513795991276677	4.999477876767718E-4	4.64073537115579E-4	3.0289992263863495E-4	3.9814467366820614E-5	9.357876312872441E-4	0.001223128325737112	0.001154034728887867	7.796564072437512E-4	4.2597563006253056E-4	0.001076279579024134	4.4354810817589087E-4	0.12010760902946621	0.520810938426825	0.0010296332276724994
106	106	3.48009351947273E-5	1.0197528479044501E-4	8.810776515503853E-6	0.046815376184858634	0.6345385284555888	4.9565417364562674E-5	8.936119417466364E-5	8.294899284226792E-5	5.414065122316619E-5	7.116479834545268E-6	1.6726366690069703E-4	0.002164734493343932	2.062733830100021E-4	1.393566074589242E-4	0.0039683618289170644	1.923753456222553E-4	0.005917614000219886	6.093682113966427E-5	0.3052164217533522	1.8403772764810002E-4
107	107	7.10050939298463E-5	2.0806235908756338E-4	1.7976816156739985E-5	0.1193425703052041	2.1680779851821508E-4	1.0112938333266491E-4	0.035918557955027894	1.692426078550828E-4	1.1046433103057553E-4	1.451990632649156E-5	3.412716443647163E-4	4.4606169288557084E-4	0.040127788887939546	2.8433227288285145E-4	1.5534871253936554E-4	0.0242166624708982	1.6175720555723131E-4	0.38131080958609515	0.39641013485035975	3.754961200085419E-4
108	108	3.846935143372514E-5	1.1272464507655524E-4	9.739533040775396E-6	1.2016511051615787E-4	1.174627753187671E-4	5.4790178737654034E-5	0.04527510673230107	0.2969646911885551	5.98476945260448E-5	7.866638128955178E-6	1.8489516871004515E-4	0.0045441758570810694	0.015286792237037758	0.015212821668687168	8.416528852645561E-5	2.1265390531942184E-4	0.12055783955999441	6.736025841141666E-5	0.5008849948014604	2.0343740713702477E-4
109	109	0.41427047161820724	0.16425335850862127	1.8566594040676036E-5	2.2907225792714723E-4	2.2392076243329443E-4	1.0444720519754141E-4	1.8830724083303174E-4	1.7479506754885155E-4	1.1408841100322398E-4	1.4996270970459797E-5	0.012655353237799927	0.10298473976299481	0.08655486838591374	2.9366055909179196E-4	1.604453455668611E-4	0.0332130788286111	1.670640864627906E-4	1.2840970580045775E-4	0.1756606173639901	0.008589738786985705
110	110	4.6954229769618775E-5	0.9690350867290414	1.188770424251154E-5	1.4666897151067846E-4	1.4337060377002617E-4	6.687481191354129E-5	1.205681979603926E-4	1.1191670704482718E-4	7.304782366292548E-5	9.601719822538679E-6	0.002851414503401939	2.9497155851758417E-4	0.002904047318100592	1.8802317035239576E-4	1.0272895561823554E-4	2.5955728286651807E-4	1.0696676218934107E-4	8.221737390710885E-5	0.02319578760119411	2.483079751137453E-4
111	111	1.1401235352273137E-4	3.340841892625619E-4	2.8865240582603717E-5	3.561356391689919E-4	0.013099549726943327	1.6238270194320647E-4	2.9275880100483115E-4	2.717516021730367E-4	1.7737175833544124E-4	2.3314506066966105E-5	5.47977352202879E-4	7.162379571311388E-4	6.757782149954783E-4	0.006832261750230619	2.494422773503914E-4	0.4214272071129456	2.597323471335926E-4	1.9963688778626494E-4	0.5536285682419122	6.029313393082151E-4
112	112	3.068103446217867E-5	8.990296408529156E-5	7.767714758185148E-6	9.58370692380748E-5	0.04298671469143887	4.3697626796098875E-5	7.878218969442204E-5	0.48219081839470485	4.7731222643534876E-5	6.273997001269201E-6	1.474621960512194E-4	0.027644282610250776	0.044790607925911954	0.015564350735535203	0.010361453480747691	1.696010344458847E-4	6.989468112119538E-5	0.010348050714938507	0.36516383925271123	1.6225046346363435E-4
113	113	7.10050939298463E-5	0.06373914217307569	1.7976816156739985E-5	2.217956539763772E-4	2.1680779851821508E-4	1.0112938333266491E-4	1.823255596595741E-4	1.692426078550828E-4	1.1046433103057553E-4	1.451990632649156E-5	3.412716443647163E-4	0.04809437155337666	0.08777609874843065	0.11940510692411058	1.5534871253936554E-4	3.925075406526562E-4	1.6175720555723131E-4	1.2433070216640794E-4	0.5512671418969558	0.12743765574798477
114	114	1.2518649525065134E-4	3.6682716811119E-4	3.169426988789047E-5	3.9103984019177193E-4	3.822459338807533E-4	1.7829753283312585E-4	3.214515543201258E-4	2.983854784473775E-4	1.9475563916003476E-4	2.559951805960765E-5	6.016836077796878E-4	0.028788768413829567	0.007742593320746919	0.27352404543097086	2.738896576028539E-4	6.920157506207378E-4	2.851882382587365E-4	0.27324195248856337	0.3558676895516069	0.05666669010987793
115	115	4.610677935624318E-5	1.3510418410639358E-4	1.167314977268353E-5	1.4402182595753127E-4	1.4078298859612268E-4	0.2939973406756797	1.1839213054957977E-4	1.098967855145598E-4	7.172942468879539E-5	9.42842379633079E-6	0.041475171042859665	2.896477832064723E-4	2.7328579833535514E-4	1.8462964618596534E-4	1.008748586320542E-4	2.5487267984482823E-4	1.0503617942225969E-4	8.073347889176952E-5	0.651894053730292	0.010557218434311818
116	116	1.0345841716010809E-4	3.0315856441321006E-4	2.6193232657253135E-5	3.231687478092558E-4	3.159011617507865E-4	1.4735120184915975E-4	2.6565859949213405E-4	2.465960025633564E-4	1.60952745902498E-4	2.1156320521680468E-5	4.972519884627564E-4	6.499369854688861E-4	0.006398744913139772	4.1428812035738705E-4	2.2635181530867082E-4	0.05842712935138887	0.4977906138504931	1.8115682887836484E-4	0.4329538121771693	5.471189752136397E-4
117	117	4.179617588387139E-5	1.2247305755033497E-4	1.0581806576602492E-5	0.0024678507145115707	1.276209406724446E-4	5.95284261855305E-5	1.0732344312065812E-4	9.962234275677446E-5	6.502331527382745E-5	8.546943959245768E-6	2.008848785713671E-4	2.62568105174579E-4	0.0072596170540450014	0.009516543261726025	9.14438916036563E-5	2.3104418707019562E-4	9.521616323236394E-5	7.318556469549432E-5	0.48810641345967015	0.49105271626772035
118	118	6.578115886241537E-5	1.927549467077727E-4	1.6654238928481733E-5	0.21356216619727428	0.1399862734661862	0.018486507125605567	1.6891163634675298E-4	1.5679121394591988E-4	1.0233732970386704E-4	1.3451658351075697E-5	3.1616385544638794E-4	4.1324436682154515E-4	3.8990050413715974E-4	0.051763303872891936	1.4391951017937092E-4	0.2468273909206547	1.4985652221534418E-4	1.1518353427945161E-4	0.32678153754857275	3.4787039288909156E-4
119	119	1.0054975293170943E-4	2.946354640599852E-4	2.5456827433322717E-5	0.11839427504546075	3.070198117928404E-4	1.4320852132499395E-4	2.581897855810006E-4	2.39663120820036E-4	0.11823661963799352	2.0561524714871276E-5	4.8327208125903973E-4	6.316644416562254E-4	5.959821936390381E-4	0.3940032805899461	2.1998808535519062E-4	5.558268294870617E-4	2.2906310172299705E-4	1.7606372575198326E-4	0.364552942368052	5.317370910174097E-4
120	120	6.918989858213123E-4	0.002027433910340388	1.7517251479779152E-4	0.6212307799079696	0.00211265259449012	9.854408168762923E-4	0.0017766453480422232	0.0016491603947229555	0.0010764038800511785	1.4148715120982467E-4	0.0033254727450795717	0.004346584390497296	0.004101049115719602	0.08015432566423952	0.0015137733183034784	0.0038247336109872567	0.0015762199622595468	0.0012115227510350471	0.22572842944100316	0.04235081349655373
121	121	1.1474392770504414E-4	3.3622788124006907E-4	2.905045792198852E-5	3.584208269663436E-4	0.05809995898124986	1.6342465037006844E-4	2.9463732358455557E-4	0.006690117385868835	1.785098858721538E-4	2.3464106440828805E-5	5.51493515767416E-4	0.013554077898147358	0.013513358541137915	0.026125967960786377	0.02591753107965479	0.19954957425226114	2.613989514409631E-4	2.0091788224369965E-4	0.6534303243695022	6.068001218384978E-4
122	122	1.3987454651286793E-4	4.098667646651392E-4	3.541293826262031E-5	4.3692029404428803E-4	4.2709460434135673E-4	0.023665088898455332	0.4305668174823903	3.3339485541380634E-4	2.1760619349387746E-4	2.8603093108135904E-5	0.09453576608131882	8.787070554512039E-4	8.290695564575115E-4	5.601125993545735E-4	3.060249556076979E-4	0.11810256866694677	3.186491914912599E-4	2.44921872793168E-4	0.32722380201845286	7.39698331438429E-4
123	123	1.3163725842161176E-4	3.857294880572951E-4	3.332745107499796E-5	4.1118982038281985E-4	4.019427708885336E-4	1.8748506664793686E-4	0.2800680981880938	3.1376105111808646E-4	2.047912464507012E-4	2.69186414040436E-5	0.14049772914025385	8.269595192194772E-4	7.802451995284814E-4	0.12566953258567815	2.8800297959205036E-4	0.008088992746543969	2.9988376736087404E-4	2.3049829054504455E-4	0.44045713769419814	6.96137094540197E-4
124	124	3.5875632493111127E-4	0.0010512441174502227	9.082864540290907E-5	0.0011206321871058153	0.0010954308304929252	5.109606071759052E-4	9.212078191052466E-4	0.020917202110090634	5.581258363753112E-4	0.7423709319933957	0.0017242898242828624	0.002253746101516126	0.2027473984228816	0.001436601173706559	7.849061258684693E-4	0.001983161418410654	8.172853155320692E-4	6.281862795561494E-4	0.016731894390901537	0.0018972104758181484
125	125	6.829337405614174E-5	2.0011635404931864E-4	1.7290272601339175E-5	2.1332516757179224E-4	2.0852780079584252E-4	9.726720185495826E-5	1.7536245579970655E-4	1.6277914843551423E-4	1.0624564325463868E-4	1.3965383877879951E-5	3.2823831042856275E-4	0.08062907146465212	4.047909984287493E-4	2.7347348188014114E-4	1.4941586789636534E-4	3.775174823391173E-4	0.3362319590413244	0.034491030346407055	0.442375830781138	0.10347549942320841
126	126	4.670893885335694E-5	1.3686865928109378E-4	1.1825602364146111E-5	1.4590276649388757E-4	1.426216295682064E-4	6.652545501918703E-5	1.1993834450746942E-4	1.1133204935262932E-4	0.6008376134559396	9.551560025124988E-6	2.244970816426975E-4	2.9343061440637285E-4	2.768549402531297E-4	1.8704092922182064E-4	1.0219229513474226E-4	2.582013444548107E-4	1.0640796322201221E-4	8.178786680887154E-5	0.29211282731079424	0.10472787119265663
127	127	4.259258697957103E-5	1.2480673760346603E-4	1.0783439094217717E-5	0.5979723828387065	1.3005271178656658E-4	6.0662718931723774E-5	1.0936845272075804E-4	1.0152061065983649E-4	6.626231115486534E-5	8.709802901709283E-6	2.047126676661644E-4	2.6757124596236E-4	0.05741637712722892	1.7055744022854492E-4	0.009620506451927956	0.012144596813271223	9.703047296966853E-5	7.458008930297228E-5	0.30924253301176163	0.0121343924691414
128	128	0.005937650616828997	1.5418640179491074E-4	1.3321874322158608E-5	0.03547455366355902	1.606672849486004E-4	7.494279984223181E-5	1.3511392508686317E-4	1.2541869105973285E-4	0.003024376383620494	1.076010154214729E-5	0.5181356902082167	3.3055785633781044E-4	3.118848922827991E-4	2.1070687779486982E-4	1.1512250036459592E-4	0.0032333869313861986	1.198715692672353E-4	9.213633683546473E-5	0.432061386453642	2.782646312671158E-4
129	129	1.8657468018853696E-4	5.46709622613673E-4	4.723631136331837E-5	5.827955561714382E-4	0.011003175738184127	0.010699216372405602	4.790829939228093E-4	4.4470591738155873E-4	2.9025871375697404E-4	3.815285255321599E-5	0.45997013468601716	0.0011720823547773727	0.0011058723063376086	7.471182691879957E-4	4.081979863074287E-4	0.032331821355991934	0.07345944182633792	3.2669432163884776E-4	0.40517406556426083	9.866625706016E-4
130	130	3.234593264416862E-5	0.003712430475376794	8.189227735365275E-6	1.0103764233277956E-4	9.87654555394213E-5	4.606886690209283E-5	8.305728428281088E-5	7.709742627215762E-5	5.032134475631243E-5	6.614453781307047E-6	1.554641929337094E-4	0.07617382862084258	1.9172200160118735E-4	0.591615129275092	7.07681479461358E-5	0.011031751242018741	7.368749741860202E-5	5.6638084611932114E-5	0.3162440278861645	1.710549417474624E-4
131	131	9.038526747050786E-5	2.648510259736371E-4	2.288341929665563E-5	2.8233269472550444E-4	2.759834509637028E-4	1.2873169875222534E-4	2.3208960885007191E-4	2.15435788219667E-4	1.4061453275470518E-4	1.8482978393962947E-5	0.3744641412330851	5.678100427505079E-4	5.357348815795709E-4	3.6193809644706975E-4	1.9774968466265903E-4	4.996387876218159E-4	2.059073156641048E-4	1.5826559966542332E-4	0.6208590396336469	4.7798425947640237E-4
132	132	4.373854249455941E-5	1.281646686287169E-4	1.1073568019856515E-5	1.3662426312877025E-4	0.005025378344437658	6.229485217940232E-5	1.1231101597997523E-4	0.027009298098834993	6.804510168928895E-5	8.944140550053178E-6	2.102204714211357E-4	0.35004036919174836	2.5924869770874566E-4	0.00506697285446448	9.569350435042571E-5	2.417813539298049E-4	9.96410823152538E-5	7.658667004168295E-5	0.5132357799476508	0.09806783363042613
133	133	7.186110902730923E-5	2.1057069350042507E-4	1.8193539002704937E-5	2.2446955267642018E-4	2.1942156520040075E-4	1.0234856739592957E-4	1.8452361930690277E-4	1.7128294354706972E-4	1.1179605428956793E-4	1.4694953753955069E-5	3.4538590805685126E-4	4.514392724700326E-4	0.016500185444902574	0.012343445820809654	1.5722154779589676E-4	3.972394882084004E-4	1.637072995915722E-4	0.5305760015997598	0.4373561880374814	3.8002298322322396E-4
134	134	5.716019496594408E-5	1.6749340578676894E-4	1.4471614070413433E-5	1.785489198340426E-4	1.7453361931585467E-4	8.141071222005685E-5	1.4677488558374315E-4	1.362429077426374E-4	8.892548898996932E-5	1.1688748378102443E-5	2.7472893349748636E-4	3.590865376133373E-4	3.388020098644642E-4	0.06735473352614961	1.2505810787648313E-4	3.159746196727215E-4	1.3021704352553695E-4	0.43481982462383173	0.4885291066358539	0.006695217465227249
135	135	0.006136267318473258	0.06097822658492618	1.3767496152801043E-5	0.0032108057326288883	0.5475359849646323	7.744966538168643E-5	1.3963353795712908E-4	1.2961399461501816E-4	8.459880989076004E-5	1.1120031085930378E-5	0.003302306097525641	3.416151440371457E-4	0.07938686492727086	2.1775510406853483E-4	1.1897339237273288E-4	3.006008410368484E-4	1.238813194605693E-4	9.521833281413982E-5	0.23668886142667275	0.06110645527899692
136	136	4.969440448201965E-5	1.4561680659413181E-4	1.2581451892375189E-5	1.5522834110952662E-4	0.008488654783034205	0.0028497499527464698	1.2760436762586922E-4	1.1844798936048004E-4	7.731077931525269E-5	1.0162061031038335E-5	2.3884611926659958E-4	0.09201827590212329	2.945505019280827E-4	1.9899590570069108E-4	1.0872405526735341E-4	0.0030536770684741307	0.39750626700668246	0.00286598788243331	0.4886378533520501	0.0030417712688826587
137	137	1.2879299975491595E-4	3.773951118133503E-4	3.2607351821218746E-5	4.02305328071873E-4	3.932580776388924E-4	1.8343411608816822E-4	3.3071226951338355E-4	3.069816818147852E-4	2.0036636488931782E-4	2.6337015958275742E-5	6.190175433392292E-4	8.090915781232469E-4	0.04397696763512115	5.157377354911563E-4	0.19474289479530604	0.06553232361501707	2.9340424162063326E-4	2.2551796226715265E-4	0.6902217587701815	6.810958061686873E-4
138	138	1.0345841716010809E-4	3.0315856441321006E-4	2.6193232657253135E-5	3.231687478092558E-4	3.159011617507865E-4	0.005932873579759221	2.6565859949213405E-4	2.465960025633564E-4	1.60952745902498E-4	2.1156320521680468E-5	0.4228403855758972	0.012220981741289006	6.13222535229711E-4	4.1428812035738705E-4	2.2635181530867082E-4	0.13363892026421964	0.08123300264096871	1.8115682887836484E-4	0.3403854541306082	5.471189752136397E-4
139	139	1.3386501929514894E-5	3.9225737439864786E-5	0.030695567247330174	4.1814858421936015E-5	4.087450424423719E-5	0.6310801911327693	3.437361069607496E-5	3.190709808575986E-5	2.082570275795102E-5	2.7374198567780915E-6	6.433951809557002E-5	0.009815761682448123	0.060715111457937815	0.022511296102400612	2.9287699305214802E-5	0.00531412692620374	3.049588451279585E-5	0.0015206193319790581	0.20274354940853162	0.03525450817505391
140	140	1.269641413515095E-4	3.7203610765196136E-4	3.214432798060205E-5	3.965925992637892E-4	3.8767381963289855E-4	1.8082935476326962E-4	3.260161609177292E-4	3.026225471603617E-4	1.9752116591976866E-4	2.5963030780140286E-5	6.102275047645687E-4	7.976024914912726E-4	7.525465281606546E-4	0.07860832061331188	2.777788860769657E-4	7.018423624957675E-4	0.5398885908346657	2.2231561104312476E-4	0.37512098765524926	6.714242573189296E-4
141	141	4.853352890035876E-4	0.0014221515611020808	1.2287545557528493E-4	0.0015160216241488149	0.0014819285452397583	6.912413711473526E-4	0.43549500886476705	0.0011568101026135104	7.550477727454561E-4	9.924672362570672E-5	0.002332666052243017	0.00304892886760972	0.0028766971748527908	0.00194347304108896	0.0010618423006540966	0.21980726153555963	0.0011056457468403144	8.498274409378449E-4	0.32118139272947127	0.0025665978007736717
142	142	2.2357193610222685E-5	6.551206663730695E-5	5.6603144516463444E-6	6.983623432362603E-5	6.826572094203522E-5	3.1842352114690186E-5	5.740838595930479E-5	0.0038040145712010644	3.4781623390490356E-5	4.571846032122723E-6	1.0745533601123623E-4	0.03139649682124963	0.027637837307948436	0.03009533162912987	4.891425461352026E-5	1.2358785256328135E-4	0.00880262510299204	0.5351426639226343	0.36236260595445	1.1823150974510028E-4
143	143	9.570645170723224E-5	0.6050590313468565	2.4230617722366443E-5	2.989542562557115E-4	2.9223121821563946E-4	1.3631042375174593E-4	2.4575324677119113E-4	2.281189782171391E-4	1.4889282695118854E-4	1.957111295427461E-5	0.03792415404718687	6.012382986321833E-4	5.672748004922941E-4	0.13953584166351224	2.0939165391597244E-4	0.016585122354690323	2.1802954302483675E-4	1.6758305191979844E-4	0.1971364398380066	5.061242692159113E-4
144	144	1.0528581752012582E-4	3.085132961494768E-4	2.6655887355650633E-5	3.2887692218794545E-4	3.2148096774975156E-4	1.4995388654799377E-4	2.7035096415109114E-4	2.509516619309827E-4	1.6379567655890745E-4	2.1530007542990093E-5	5.060350192463237E-4	6.614169125143256E-4	0.006511766831306541	4.216057488411144E-4	2.303498987912898E-4	5.820072196687591E-4	2.3985236388378937E-4	0.4829768112662815	0.5053659768382766	5.567828134949724E-4
145	145	3.758006468500016E-5	1.1011881655631081E-4	9.514386596940693E-6	1.1738728254509909E-4	0.03373912500386286	5.352360734781372E-5	0.004299544589604547	8.957312494982421E-5	5.846420975959527E-5	7.684786946536711E-6	1.8062099154539024E-4	0.02965741242671408	0.0023242695407419	1.504853330315678E-4	8.22196597856608E-5	0.5781267278175244	0.06102979578750629	6.580310751171503E-5	0.2896614148692801	1.9873459350436962E-4
146	146	3.863558130135976E-5	1.1321173940312632E-4	9.781618525137678E-6	0.004441783138089563	0.0022785197347044996	0.36086677525127936	9.920772713156588E-5	9.208897803726002E-5	6.01063023259824E-5	7.900630649394693E-6	0.019630638639171482	2.4271290758279756E-4	0.013192298585227552	1.54712035962088E-4	8.45289750522159E-5	0.0023741221949810823	8.801599040995315E-5	0.008709848893263377	0.5505814549474172	0.03693365612948508
147	147	1.2787203168777725E-4	3.74696449251443E-4	3.237418441430653E-5	3.994285384862666E-4	0.05759654065508859	1.8212242241178448E-4	0.007479109258876274	3.047865289207153E-4	1.9893359273444238E-4	2.614868622973886E-5	6.145910963157192E-4	8.033059569461618E-4	7.579278091525635E-4	5.120498177758332E-4	2.797652167338264E-4	7.068610700750132E-4	0.3363771123775431	2.2390533702968272E-4	0.5923262435180543	6.76225452272613E-4
148	148	0.008504784510167104	1.476686420206583E-4	1.2758732724950144E-5	1.5741560930293788E-4	0.43132775940657286	7.177482159969348E-5	1.2940239608287302E-4	1.2011699849792158E-4	7.840013843225037E-5	1.0305251074259958E-5	2.4221161628896955E-4	3.1658453136219113E-4	2.987009098987898E-4	0.014292449686043589	1.1025604785482283E-4	0.11864003371218357	1.148043643571309E-4	8.824155426720723E-5	0.4250698292284128	2.665018428554476E-4
149	149	2.5602739782745943E-4	7.50223138014045E-4	6.482010243349778E-5	7.997421169967936E-4	7.817571023589079E-4	3.6464838542625235E-4	6.574223906132226E-4	6.102483933544426E-4	3.983079756848447E-4	5.235531181950155E-5	0.0012305439824546066	0.0016083918516161492	0.0015175350086890544	0.001025234217934949	5.601503276172889E-4	0.001415288378609048	5.832578217497619E-4	4.483067958078709E-4	0.3412402264248125	0.6456355128761797
150	150	1.243162092693939E-4	3.6427701650488197E-4	3.147393399052077E-5	3.8832136412651704E-4	3.7958859231221586E-4	1.7705802338758406E-4	3.1921685016279573E-4	2.9631112770863685E-4	1.9340171434416352E-4	2.5421552364109783E-5	0.36209712525240134	7.809678952697469E-4	7.368516077367502E-4	4.978109087873365E-4	2.7198559974944166E-4	6.872049153515763E-4	2.8320563362331524E-4	2.1767905277895766E-4	0.631470361547633	6.574212024977797E-4
151	151	5.37255539848831E-5	0.015179425504005091	1.3602043930249376E-5	1.6782027488187706E-4	1.6404624568404168E-4	7.651890650359692E-5	1.379554783490965E-4	1.2805634584251487E-4	0.1743387408348324	1.0986395032025508E-5	0.09940339752661316	0.039394700493814834	0.0063272426553607555	2.1513821095011705E-4	1.1754361807142863E-4	2.9698834122581137E-4	1.2239256366867362E-4	0.03314246620436862	0.6154031396055937	0.015306113197287202
152	152	1.819441572109925E-5	0.054995839988018144	4.60639720891936E-6	5.6833138444494444E-5	5.55550454128562E-5	2.5913493527532525E-5	4.671928231382815E-5	4.336689376230812E-5	0.012237755685939586	3.720595204009166E-6	8.744778476780233E-5	0.5790457294249656	0.0021427509760494467	7.28575837230335E-5	3.980670824083901E-5	1.0057652166979043E-4	0.041757070330368455	0.005119129537549435	0.26640410392728037	0.03774202226983246
153	153	1.2014018691767178E-4	3.5204024567601504E-4	3.041666356204254E-5	3.7527689707130414E-4	3.668374759833751E-4	0.0068894978330098075	0.007026881269338376	2.863574627791199E-4	1.8690497601286173E-4	2.4567593161911577E-5	5.774295458884548E-4	7.54733670418533E-4	7.120993344660704E-4	4.8108847577361664E-4	2.628490764386408E-4	0.3231467218925549	2.736922076340967E-4	2.1036679160843928E-4	0.583384498402493	0.07453759999921189
154	154	8.815733084814515E-5	2.5832262464507396E-4	2.2319358257476478E-5	2.7537338190967915E-4	2.691806427763098E-4	1.255585481477573E-4	2.2636875462573022E-4	2.101254395779618E-4	1.3714847820922463E-4	1.8027385291163478E-5	4.2371040718678125E-4	5.538139035102056E-4	5.22529373691488E-4	3.530165635173167E-4	0.6607950193120207	4.873230244001298E-4	2.008318375223806E-4	1.5436445808092954E-4	0.33441260690983593	4.662022659457878E-4
155	155	9.084443665226113E-5	0.09678872387491946	2.299967011062364E-5	0.00536390000187065	0.07139924775660839	0.005209518692405899	0.03579419979143677	2.165302306809838E-4	1.4132887328557395E-4	1.8576874382800827E-5	0.01567702449706887	5.706945932974886E-4	0.05641991970054322	3.637767901218455E-4	0.04083981843536679	5.021770191246366E-4	2.0695335221736664E-4	1.590696099641346E-4	0.4258878983808377	0.24432679741910468
156	156	9.225036909049423E-5	0.5728920653625097	2.3355619065439257E-5	2.8815863495939794E-4	2.8167837443836963E-4	1.3138807967143562E-4	2.368787821032187E-4	2.1988130958455816E-4	1.4351611616728955E-4	1.8864374985570113E-5	4.4338276890204395E-4	0.010897035806544365	5.467897804970665E-4	3.69406695577326E-4	2.0183025296253672E-4	5.099488429912437E-4	2.1015621682642614E-4	1.6153141316119476E-4	0.3654152432566253	0.046916637943337086
157	157	5.200681245162011E-5	1.5239272971034247E-4	1.3166899085642185E-5	1.6245151355380862E-4	0.005975368499993159	7.407097971768412E-5	1.3354212580467283E-4	1.2395967779774519E-4	8.090824796565771E-5	1.0634927768464308E-5	0.0031582453812543532	3.267124303317187E-4	3.0825669149223687E-4	2.0825569506845854E-4	1.137832641362005E-4	0.654651643863954	1.184770864527649E-4	9.106450187834592E-5	0.3339700311318845	2.7502753969862326E-4
158	158	5.983797805977756E-5	0.06040718452034242	1.5149565633058102E-5	1.8691339933308367E-4	1.8270999407083964E-4	8.522455905822274E-5	0.047000641054800785	0.09383660589308628	9.30913805018875E-5	1.2236331058910384E-5	0.1006740067448463	0.043876685282457584	3.5467386430289635E-4	0.047086604964289236	1.3091670383155238E-4	3.307770795863763E-4	1.3631732008843902E-4	0.1975313785483085	0.40768260373659826	3.1644107974566226E-4
159	159	9.833798751386703E-5	2.8815444833118066E-4	2.489686056196456E-5	3.0717427503030084E-4	3.002663809537106E-4	0.011138421667368835	2.5251045547487847E-4	0.5061591014940015	1.5298677044699074E-4	2.010923847868976E-5	4.7264167744826734E-4	0.12709894743600203	0.006082054168671196	3.937839097596107E-4	0.18718732456791184	5.436004587211045E-4	2.240244633164091E-4	1.721909001248611E-4	0.1585634322242422	5.200406156407354E-4
160	160	4.9556687812746995E-5	1.4521326293960387E-4	1.2546585277767521E-5	1.5479816128672466E-4	1.5131698011908246E-4	7.058137664692112E-5	1.2725074132372816E-4	1.181197378652303E-4	7.70965301832398E-5	1.0133899204516268E-5	2.3818421190787477E-4	0.00862513392074361	2.937342226209667E-4	1.9844443408899463E-4	0.4435118061564518	0.08064080659720299	1.1289544022267034E-4	8.677430662774482E-5	0.46511353619782364	2.6207054965023086E-4
161	161	1.3460997898944574E-4	3.9444028921281155E-4	0.015089192400349985	4.204755837828823E-4	4.1101971123535836E-4	1.9171897975482472E-4	3.4564900060920654E-4	0.49713955338728033	2.0941597927889876E-4	2.75265361590654E-5	6.469756792803598E-4	0.1363416454103582	7.978652182101469E-4	0.02312169969385128	0.007822063018652113	7.441076249072353E-4	3.0665594306464E-4	2.357035570278759E-4	0.31490782428022585	7.118577277696116E-4
162	162	1.570754735158765E-4	4.6026970412572053E-4	3.9767807545155156E-5	4.906501131668648E-4	0.00926347046398348	2.2371558002643314E-4	4.033354796469993E-4	3.7439374130205413E-4	2.443660890074361E-4	3.212052875943248E-5	7.549515417737813E-4	9.867651424631555E-4	9.31023523612861E-4	6.289918642040726E-4	3.4365805650945987E-4	0.5191157004772976	3.5783474468198737E-4	2.750408855827313E-4	0.4640862068177252	8.306619650695783E-4
163	163	1.1117702301485013E-4	0.12466890284981998	2.81474017281951E-5	3.4727903537580464E-4	3.3946924469212893E-4	1.583444673611972E-4	2.8547829205740173E-4	0.4043801558574712	1.7296076652528842E-4	2.2734706349783076E-5	5.343499087169498E-4	6.984261036958743E-4	6.589725397301554E-4	4.4519644854485515E-4	2.432389908022725E-4	6.145730885696337E-4	2.532731606949524E-4	1.9467219281287326E-4	0.4590375543125774	0.006805093609459295
164	164	4.506112988614389E-5	0.9753232776031778	1.1408415973345983E-5	1.407555742674784E-4	1.3759019006454195E-4	6.417855431838753E-5	1.1570713128696415E-4	1.0740445104350431E-4	7.010268267897402E-5	9.214597836587849E-6	2.165772206198344E-4	2.830788999477836E-4	2.670879863388351E-4	1.804424551829392E-4	9.8587131231709E-5	2.490924564949524E-4	1.0265407798538567E-4	7.890253514334176E-5	0.02226058020836959	2.3829669815190126E-4
165	165	9.469285504944038E-5	2.7747331522142674E-4	2.3973998939603998E-5	0.03206783608296343	2.891362901224749E-4	1.3486680331161504E-4	2.4315055212390904E-4	2.2570304251191527E-4	1.4731595027177131E-4	1.936384150782707E-5	4.551220843991947E-4	0.3130200090121848	5.612669731037349E-4	0.15923942715009953	0.09552331792244903	5.234506089035852E-4	2.1572046132587372E-4	1.6580823299904192E-4	0.39627160075481377	5.007640676981088E-4
166	166	1.7387576704528028E-4	0.019956193676944005	4.4021245875308683E-5	5.431284901975431E-4	5.309143356108906E-4	2.476434875947971E-4	4.464749609244983E-4	0.1268179551269291	2.7050270939803055E-4	3.555603845040646E-5	8.356987597727356E-4	0.06915573886389859	0.0010306028413087892	6.962668353354963E-4	3.8041463023718306E-4	0.3218316314339495	0.010119455105830696	3.044583847437954E-4	0.44565996037658406	9.195069293693021E-4
167	167	1.1474392770504414E-4	3.3622788124006907E-4	2.905045792198852E-5	3.584208269663436E-4	0.05168333692487841	1.6342465037006844E-4	2.9463732358455557E-4	2.7349532949739444E-4	1.785098858721538E-4	2.3464106440828805E-5	5.51493515767416E-4	7.208337854044768E-4	0.0070967364847664745	0.01970934590441493	0.3403320118418554	6.342905047464748E-4	0.09651072979701257	2.0091788224369965E-4	0.48018152884747334	6.068001218384978E-4
168	168	1.7220139306160833E-4	0.029393735664832384	4.359733384849216E-5	0.17387275813336944	5.258017821699396E-4	2.4525875152777213E-4	4.4217553454877894E-4	4.104467894489248E-4	2.6789784555285263E-4	3.521364395371795E-5	0.21268136877155971	0.010711502242009247	0.00102067843025192	6.895619845412178E-4	0.010006465780172166	0.07798962387258193	0.019651722077122687	3.015265374416176E-4	0.4413683822234048	0.020170081208600726
169	169	1.2095279466527596E-4	3.544213858959885E-4	3.062239669015664E-5	0.07477994036480372	3.69318702147106E-4	1.7226766221796727E-4	3.105803366942145E-4	2.882943358505597E-4	1.881691694145076E-4	2.4733764174755408E-5	0.08851111945945761	7.598385603283523E-4	7.169158529941082E-4	4.8434247622697546E-4	2.646269427916456E-4	0.13594520356542159	2.75543415078403E-4	2.1178967673193914E-4	0.43176233184015467	0.26442898729826053
170	170	2.454833705079766E-4	7.193265490940609E-4	6.215060324430914E-5	7.668061781023241E-4	7.495618439044707E-4	3.4963099833969214E-4	6.303476333572158E-4	0.23395657841490416	3.819043789884505E-4	5.0199152584868024E-5	0.0011798662445291891	0.07018081842454253	0.0014550380621682283	9.83011792934716E-4	5.370815451059958E-4	0.056267934511344826	5.592373987051312E-4	4.29844087743738E-4	0.6291969895103608	0.0012981892995372602
171	171	4.914807984602969E-5	0.07160296933751624	1.2443135371692984E-5	1.5352180960289245E-4	1.50069331692499E-4	6.999941457333015E-5	1.2620152538597165E-4	1.1714580946023551E-4	7.646084894969637E-5	1.005034253171114E-5	2.3622032023497714E-4	0.45104984421561833	0.016781840013278353	1.9680820736968967E-4	1.0752877723683025E-4	2.7168461979960444E-4	1.1196458753018722E-4	8.605882957390212E-5	0.45303328851666586	0.005756752277762047
172	172	2.0127465478839718E-4	5.897841574744538E-4	5.095799844610041E-5	6.287132544570489E-4	6.145744253968706E-4	2.86666499439552E-4	5.168293153141884E-4	0.36065661132090115	3.131278175137321E-4	4.115886581759754E-5	9.673859804543408E-4	0.001264429187835111	0.012448529649145026	0.012061509851451874	4.403593708231072E-4	0.0011126218609718438	4.585252114479952E-4	3.524341392022852E-4	0.6059301060173161	0.0010644004218031662
173	173	9.6252876694051E-6	2.8204456167208326E-5	2.4368959649513176E-6	3.0066110122404918E-5	2.938996787709423E-5	1.3708867245048209E-5	2.4715634669008056E-5	2.2942139730636328E-5	1.4974291343494085E-5	0.9990087535217929	4.626200133847801E-5	6.0467099960003446E-5	5.7051359077082026E-5	3.8543430741704254E-5	2.1058715149936416E-5	5.3207421919971414E-5	2.1927435764337353E-5	1.6853984809500763E-5	4.489099859004793E-4	5.0901392756392905E-5
174	174	5.082431954531484E-5	0.002991086412458925	1.2867519753726905E-5	1.5875780972270697E-4	1.5518758193169894E-4	7.238680789575746E-5	1.305057425115446E-4	1.2114117320663839E-4	7.906861533349093E-5	1.0393118550547392E-5	2.4427682782990627E-4	0.028740870654795057	3.012477760477498E-4	0.682321603081561	0.0029533548207056433	2.809506693954378E-4	0.005800100595621006	0.002931152621066098	0.2723754496876368	2.6877416443101286E-4
175	175	7.215105249858399E-5	2.1142029906104958E-4	1.826694585551613E-5	2.253752370191675E-4	2.2030688204490654E-4	1.0276152092966221E-4	1.8526813076015202E-4	0.0122763017495456	1.1224712631579034E-4	1.4754244599299866E-5	3.46779462796917E-4	4.532607287695724E-4	0.02060153590148018	0.4320099430723702	1.578559015088322E-4	3.9884226052429636E-4	1.6436782185958446E-4	1.2633728825226734E-4	0.5198163403653041	0.012485884008504438
176	176	1.1187255216221755E-4	3.278140458910574E-4	2.8323493314331604E-5	3.4945163079906264E-4	3.415929816650702E-4	1.5933507845499644E-4	2.872642588667493E-4	2.666513263688385E-4	1.740428179348974E-4	2.287693583654493E-5	5.37692829100383E-4	0.0444951538379321	0.03194335106622832	4.479816203174978E-4	0.4882167536910453	6.184178892730191E-4	2.548576505538478E-4	1.958900720167911E-4	0.43062906079090296	5.916154313360942E-4
177	177	3.1457858367138773E-4	9.217924886031491E-4	7.964388260785201E-5	9.826360170904567E-4	0.07132702862051271	4.4804022381524143E-4	8.077690367041824E-4	0.1766660333432359	4.893974626121729E-4	6.432850538500548E-5	0.0015119584326939624	0.001976216744627411	0.0018645817508439696	0.17717592273026245	6.882517191525803E-4	0.01933057488470272	7.166436914105143E-4	5.508305676353383E-4	0.5424201859141644	0.0016635854002685388
178	178	5.904763407822219E-5	1.7302406580846705E-4	1.4949469165739233E-5	1.844446347620719E-4	1.8029674835522326E-4	8.409890743167398E-5	0.30063512977352586	1.407416711390387E-4	0.19491083976905316	1.2074712786998394E-5	0.08613623148753077	3.709436346051818E-4	3.499893083878093E-4	0.003538466484457031	0.06616951905433655	0.01023245788003959	1.345168318866815E-4	1.033930581581075E-4	0.2999353910406529	0.03663444383383894
179	179	3.781849405824959E-5	0.076245664578286	9.574751294345453E-6	0.01280727323863324	0.0064600460317592685	5.386319165297543E-5	9.710962570467458E-5	9.014142796422279E-5	5.883514006552599E-5	7.733543619804213E-6	0.43584228094461136	0.0023524367410281293	0.0488658670416054	1.5144009785006133E-4	8.274130822122887E-5	0.010783340364904982	8.615457819532318E-5	6.622059997250223E-5	0.4057014628214108	1.9999547916194914E-4
180	180	5.18560004161859E-5	1.5195081341765732E-4	1.3128717032986873E-5	1.6198042828125496E-4	0.0030581892734966015	7.385618487271603E-5	1.331548734648462E-4	1.2360021313457555E-4	8.06736260577977E-5	1.060408805674481E-5	2.492353935859019E-4	0.014825022737387793	3.0736279284918105E-4	2.076517844693758E-4	1.1345330956190906E-4	2.866536760242872E-4	0.39159809208474233	9.08004283418866E-5	0.585288652029223	0.003174081545583116
181	181	1.5570775923841776E-4	4.562619654780262E-4	3.942153452782605E-5	4.8637784105464826E-4	4.754399244375269E-4	2.2176760567981313E-4	3.9982348836172004E-4	3.7113375644313046E-4	2.422383030369011E-4	3.1840843428550065E-5	7.483778993115853E-4	9.781730131915602E-4	0.11411872771984381	6.235149992688837E-4	3.4066569863250453E-4	0.7322798198131455	3.547189451346895E-4	2.7264600280646906E-4	0.1465799138030451	8.234290839332832E-4
182	182	8.208715016918685E-5	2.4053550484491368E-4	2.0782531586820392E-5	2.564122113945817E-4	0.004841060631836833	1.1691306097485923E-4	0.5143372339650474	1.9565699581710355E-4	0.10570724422431886	1.678608766073664E-5	3.945353096375016E-4	5.15680370830809E-4	4.865499755194415E-4	3.2870917690977226E-4	1.7959462327319736E-4	0.0647195743158395	1.8700331608100467E-4	1.4373550479995073E-4	0.30679580370388976	4.341013395678626E-4
183	183	9.469285504944038E-5	2.7747331522142674E-4	2.3973998939603998E-5	2.957881266002064E-4	0.18033074137618077	1.3486680331161504E-4	0.005538491878184447	2.2570304251191527E-4	1.4731595027177131E-4	1.936384150782707E-5	0.021636487388641344	5.948707746130685E-4	0.03233331492946696	0.010969870020404471	2.071740533593456E-4	5.234506089035852E-4	0.021397085765568025	0.021347173537241193	0.7034013976663249	5.007640676981088E-4
184	184	8.903519413379434E-5	0.02515568470394625	2.2541612549717248E-5	0.38365787728160616	2.718611209762206E-4	1.2680884960944967E-4	0.03010237058484341	2.1221785103157234E-4	1.3851419121963698E-4	1.8206900477604694E-5	4.2792967978315177E-4	5.593287357799249E-4	0.030401480346443674	3.5653187276450476E-4	1.9479592257202105E-4	4.921757460882366E-4	2.0283170406840899E-4	1.5590160637086363E-4	0.5269430614268378	4.7084466889767883E-4
185	185	3.680656601415566E-5	1.0785227553369056E-4	0.43636226151433527	1.1497113696941244E-4	1.1238560653730999E-4	5.24219477447939E-5	0.0021527798145575664	8.77294694459599E-5	5.726085928853898E-5	7.526613389926473E-6	1.7690332639345297E-4	0.022872177422904292	2.181612317668738E-4	1.473879406758817E-4	8.052735834619896E-5	0.0022617308282137307	8.384929777700062E-5	6.444870281272405E-5	0.4154285952513548	0.11957422283593847
186	186	6.908488995462534E-5	0.004065748002100869	1.7490665770401595E-5	2.1579759281089298E-4	0.20496649716765006	9.839452259043582E-5	1.7739489560343467E-4	1.6466574850044021E-4	1.0747702355972556E-4	1.4127241796316981E-5	3.320425717465352E-4	0.015887248011987633	4.094825005729547E-4	2.7664302228890545E-4	0.04264758302179255	3.818928861518103E-4	1.573827753305984E-4	1.2096840383922278E-4	0.42432306488930305	0.3055670141666496
187	187	1.0654037580187145E-4	3.1218945994655224E-4	2.697351194200974E-5	0.01820640366053591	3.253116509320991E-4	1.5174069786484345E-4	2.735723955750228E-4	0.4411362708000142	0.029955093967870366	2.178655348531458E-5	5.120648002671856E-4	0.16153176952571263	0.048294444505589305	4.266294927441248E-4	2.3309468797595508E-4	0.01846255019247778	2.4271038195872296E-4	1.8655337243278725E-4	0.2551994054390316	0.024394894527841802
188	188	1.570754735158765E-4	4.6026970412572053E-4	3.9767807545155156E-5	0.01805835880216713	4.7961611948334627E-4	2.2371558002643314E-4	4.033354796469993E-4	0.009158248085802187	2.443660890074361E-4	3.212052875943248E-5	0.17643203843177646	9.867651424631555E-4	0.2995820712366174	0.026980554897704474	3.4365805650945987E-4	8.682941517897599E-4	3.5783474468198737E-4	2.750408855827313E-4	0.4640862068177252	8.306619650695783E-4
189	189	1.7387576704528028E-4	5.094986891411459E-4	4.4021245875308683E-5	0.37975368075235333	5.309143356108906E-4	2.476434875947971E-4	0.010169822454825927	0.20460473507814053	2.7050270939803055E-4	3.555603845040646E-5	8.356987597727356E-4	0.001092306406588578	0.0010306028413087892	6.962668353354963E-4	3.8041463023718306E-4	9.611641352022765E-4	3.961076119292664E-4	3.044583847437954E-4	0.39704322290707694	9.195069293693021E-4
190	190	1.2972733017060846E-4	0.014889157759421063	3.2843902259827415E-5	4.0522385706900785E-4	3.9611097324543924E-4	1.8476484116067206E-4	3.3311142577837504E-4	3.09208684236701E-4	0.32665487860205394	2.652807816752021E-5	6.235082137925123E-4	0.008069473558063492	7.68924602554969E-4	5.194791612961825E-4	2.8382433721001123E-4	7.171169348921511E-4	2.955327463340961E-4	2.2715398512423464E-4	0.644447394183019	6.860368241503709E-4
191	191	7.07242696037848E-5	2.0723947486143645E-4	1.790571805655388E-5	2.2091845472764688E-4	2.1595032618018943E-4	1.0072941779008751E-4	1.8160446417780807E-4	1.6857325529653601E-4	1.1002744587771388E-4	1.446248026474109E-5	0.13876451751013336	4.442975240442451E-4	0.039969083946545796	2.832077420289277E-4	1.547343101762549E-4	0.004345943623326872	1.611174576782822E-4	0.4193526141946748	0.39484233734736246	3.740110371925922E-4
192	192	1.3261346832776506E-4	3.88590022771038E-4	3.357460441347033E-5	4.1423916659969E-4	4.049235418294731E-4	0.022436601907555337	3.405223976627068E-4	3.160878744653604E-4	2.0630995966211088E-4	2.711826759433275E-5	0.008053288676899813	0.20106263039434158	0.24551102258301	5.310363915829143E-4	0.044785591720924396	7.330711563057383E-4	3.0210767803709476E-4	2.3220764485156454E-4	0.47338716295940414	7.012995837615566E-4
193	193	1.243162092693939E-4	3.6427701650488197E-4	3.147393399052077E-5	3.8832136412651704E-4	3.7958859231221586E-4	1.7705802338758406E-4	3.1921685016279573E-4	2.9631112770863685E-4	1.9340171434416352E-4	2.5421552364109783E-5	0.36209712525240134	7.809678952697469E-4	7.368516077367502E-4	4.978109087873365E-4	2.7198559974944166E-4	6.872049153515763E-4	2.8320563362331524E-4	2.1767905277895766E-4	0.6175665298361548	0.014561252913976037
194	194	2.1848912682400775E-4	6.402267872062694E-4	5.5316297011626756E-5	0.06177339356049554	6.671372991025456E-4	3.1118430295205374E-4	5.610323164571457E-4	0.03717531979091916	3.3990878536002575E-4	4.467907130685482E-5	0.0010501238637992683	0.34348165815663567	0.0012950367881986635	8.749162432126112E-4	4.780221062659924E-4	0.001207781372893724	4.977416216730791E-4	3.8257686949324263E-4	0.5111354750484677	0.03780998059172477
195	195	0.41324859019719723	0.05140052660435868	1.5459959594078178E-5	1.9074300024653318E-4	1.8645347293691684E-4	8.697069416882598E-5	1.5679894374665915E-4	1.455476796459872E-4	9.499869606661601E-5	1.2487036812311016E-5	0.1778616847585682	3.8361051747706206E-4	3.619406485974273E-4	2.445241366287881E-4	1.3359900874049946E-4	0.06863301313073676	1.3911027626703482E-4	1.0692369633403472E-4	0.26237068240770917	0.024226335134167255
196	196	1.0654037580187145E-4	3.1218945994655224E-4	2.697351194200974E-5	3.3279573363020865E-4	3.253116509320991E-4	1.5174069786484345E-4	2.735723955750228E-4	0.29218953807580006	1.6574742302753157E-4	2.178655348531458E-5	5.120648002671856E-4	0.01854290611046703	6.31490033840776E-4	0.006384498801712691	0.11343261155837872	0.06612550466422631	0.00620057969092729	1.8655337243278725E-4	0.4935141777977743	5.634172919675381E-4
197	197	4.321010168699512E-5	0.06778475828482199	1.093977926300073E-5	1.3497359459198436E-4	1.3193823854048528E-4	0.06047059764388971	0.27557624683963955	1.0299247406694045E-4	6.722299362540103E-5	8.83607913360734E-6	0.20076574464286764	0.06068050596660297	2.561165039189265E-4	1.7303021155497895E-4	9.453735350877648E-5	2.3886019728768437E-4	9.843723758238915E-5	7.566136436258949E-5	0.3088932604137078	0.024392130079346604
198	198	0.9920237678498905	1.0920086378710209E-4	9.4350744703023E-6	1.1640873969064463E-4	1.1379087970450804E-4	5.307743343204301E-5	9.56929869131836E-5	8.882644149766122E-5	5.7976850878282046E-5	7.620726401037249E-6	1.7911533116371034E-4	2.3411405301302756E-4	2.208891266866123E-4	1.4923088413262796E-4	8.153427497365593E-5	2.0600632747888115E-4	8.489775203982742E-5	6.525457142449665E-5	0.005906081894665805	1.9707793775606145E-4
199	199	0.005251004865764831	2.703162316583984E-4	2.3355619065439257E-5	0.005446913131633735	2.8167837443836963E-4	1.3138807967143562E-4	2.368787821032187E-4	2.1988130958455816E-4	1.4351611616728955E-4	1.8864374985570113E-5	4.4338276890204395E-4	0.5680425214473728	5.467897804970665E-4	3.69406695577326E-4	2.0183025296253672E-4	5.099488429912437E-4	2.1015621682642614E-4	1.6153141316119476E-4	0.39120901573999695	0.026281619956639735
200	200	1.2879299975491595E-4	3.773951118133503E-4	3.2607351821218746E-5	4.02305328071873E-4	3.932580776388924E-4	1.8343411608816822E-4	3.3071226951338355E-4	3.069816818147852E-4	2.0036636488931782E-4	2.6337015958275742E-5	0.007821281048367443	8.090915781232469E-4	0.13040412969545973	5.157377354911563E-4	2.817801595442847E-4	0.31040928278597635	2.9340424162063326E-4	2.2551796226715265E-4	0.5461764886696173	6.810958061686873E-4
201	201	0.9920237678498905	0.0021932061181009987	9.4350744703023E-6	1.1640873969064463E-4	1.1379087970450804E-4	5.307743343204301E-5	9.56929869131836E-5	8.882644149766122E-5	5.7976850878282046E-5	7.620726401037249E-6	1.7911533116371034E-4	0.002318119307326924	2.208891266866123E-4	1.4923088413262796E-4	8.153427497365593E-5	2.0600632747888115E-4	8.489775203982742E-5	6.525457142449665E-5	0.0017380713860380129	1.9707793775606145E-4
202	202	1.7055895899231946E-4	4.997796271704444E-4	4.318150825515735E-5	0.010070635408967417	0.13405093166922863	2.4291950605397766E-4	4.3795812289120243E-4	4.065320023578589E-4	2.653426714000647E-4	3.487778088370955E-5	0.32510725198475116	0.0010714698590509894	0.0010109433346302819	6.829850337038238E-4	0.12436543536243715	9.428292228793545E-4	3.8855156809744295E-4	2.98650617281601E-4	0.39900719910210225	9.019666588651831E-4
203	203	7.486979822002483E-5	2.1938689155821727E-4	1.895526818996095E-5	2.3386766977164333E-4	2.2860833257434016E-4	1.0663370900843979E-4	0.23465369451706425	1.7845423756301292E-4	0.00430328826654338	1.531020377090343E-5	0.17620593049625366	0.008843963228288383	0.09255362450937613	0.21382719569689954	1.6380411767435171E-4	4.1387115687132475E-4	1.705614156735079E-4	1.3109784197947778E-4	0.2672609488134478	3.9593382927171375E-4
204	204	9.726819655406087E-5	0.07099666851809075	2.462601470646047E-5	3.0383261357453756E-4	2.9699986851025947E-4	1.3853474717055294E-4	2.497634661439705E-4	2.3184144031179757E-4	0.5005722218120373	1.9890475800329533E-5	0.14733015518465478	6.110493489621775E-4	0.006015889233520594	3.8950004675378556E-4	2.1280852216924907E-4	5.376867841464209E-4	2.215873649814699E-4	1.7031768436184293E-4	0.2710649754356605	5.14383241889152E-4
205	205	3.517004760506575E-4	0.0010305687478086726	8.904227077633681E-5	0.001098592125890701	0.2567517074664866	5.009112768155544E-4	9.030899415727817E-4	8.382878249481136E-4	5.471488827048852E-4	7.191960019493054E-5	0.04102542670371986	0.002209420494405887	0.0020846119966393566	0.0014083467846442827	7.694689652538549E-4	0.3952946514636304	8.012113364051071E-4	6.158314103892467E-4	0.29174816518973135	0.001859897041931353
206	206	2.1327740273337407E-4	6.249551559866545E-4	5.399681131487462E-5	0.0364464125136518	6.512237587628761E-4	3.037614771487879E-4	5.476497482634482E-4	5.083525960942719E-4	3.318007809433766E-4	4.361332036692526E-5	0.4661677628453229	0.001339831750824535	0.0012641456654896217	8.540464538170466E-4	4.6661961972903685E-4	0.01310570718653589	4.858687562436055E-4	3.7345108316126093E-4	0.40352923498893345	0.07268828808467619
207	207	5.963841518462397E-5	1.747551995046461E-4	1.5099041016868017E-5	1.862900330933625E-4	0.4904350068905265	8.494033057004812E-5	1.5313841337200168E-4	0.013482364950161948	9.278091574108937E-5	1.2195522236710412E-5	2.866399984974479E-4	0.06707573066499299	0.0670545666873608	0.023584192116413726	1.3048008958305363E-4	3.2967392023545E-4	1.3586269449425694E-4	1.0442752238764789E-4	0.3362868308629016	3.1538573172525185E-4
208	208	9.419406532266762E-5	2.760117388541943E-4	2.384771713751352E-5	2.9423007790928333E-4	0.03715975200210334	1.3415639938579198E-4	2.4186976913985803E-4	2.245141633842607E-4	0.24244916586160067	1.9261843472073295E-5	0.11106914091970832	0.02166153087920483	5.583105282905035E-4	3.771900183912318E-4	2.0608277472575112E-4	5.206933598370349E-4	2.1458416492940485E-4	0.07390921229162216	0.5100681251061647	4.981263188164816E-4
209	209	9.620109568794138E-6	2.818928306103972E-5	2.435584991927096E-6	3.0049935505235923E-5	2.937415700308739E-5	1.3701492307665005E-5	2.470233843856014E-5	2.2929797584423535E-5	1.4966235647932806E-5	0.9990092867810751	4.623711384361835E-5	6.043457057096074E-5	5.702066724869831E-5	3.852269559392197E-5	2.104738622663259E-5	5.317879800831137E-5	2.1915639496794196E-5	1.6844917898252323E-5	4.4866848651343793E-4	5.0874009415553286E-5
210	210	8.060707062507097E-5	2.3619850837688206E-4	2.0407810332480376E-5	2.51788948579824E-4	2.4612658838942756E-4	1.1480504979853975E-4	0.3112346157884849	0.004699776061343924	1.2540235693132468E-4	1.6483424638312477E-5	0.009402715358435005	0.027552263607444765	0.1447224772291548	3.2278235733198716E-4	0.009191650178924456	4.4558610233684206E-4	0.004691278412537543	1.4114386920315993E-4	0.409447620145869	0.07705627113126187
211	211	5.60845597438931E-5	1.6434153048555862E-4	1.4199288585461194E-5	0.01585677801036435	1.7124926193253886E-4	7.987873302424896E-5	1.440128894649329E-4	1.3367910140135505E-4	0.022041476707875637	1.1468790600409957E-5	0.0535869617354088	0.00976128268509093	0.0034687442667090643	0.4016732631872545	1.2270477605675893E-4	3.1002863872572444E-4	0.06599044046268679	9.820468233647446E-5	0.4009280663963942	0.025387134295858402
212	212	7.848439110280294E-5	2.299785361953608E-4	1.9870397910081632E-5	2.4515842298276105E-4	2.3964517348365583E-4	1.1178181217967352E-4	2.0153075984235126E-4	0.2723015987970356	1.2210005338601413E-4	1.6049355670599467E-5	0.17593498007075647	4.930474480464546E-4	0.031187803691100194	0.08809316266264909	1.7171231579952176E-4	4.338521875883825E-4	1.7879584522757512E-4	1.3742703396118998E-4	0.40744325208341325	0.02235976896166902
213	213	7.988686705165563E-5	2.340881350752688E-4	2.022547176325735E-5	0.09853172775340562	2.4392751023045203E-4	1.1377929602198062E-4	2.0513201150094775E-4	1.9041256007002304E-4	1.2428191892413385E-4	1.6336149452220514E-5	3.839600931843033E-4	5.01857953903888E-4	0.06301671922405504	3.198983794702036E-4	1.7478072710585635E-4	0.0049089771077978715	0.37990862812429715	0.018009371598393754	0.43259354353227564	4.2246558602080633E-4
214	214	0.012999803987742824	0.07048760782360994	8.386432328099822E-6	1.0347072732576957E-4	1.0114382405783264E-4	4.717825015882358E-5	8.50573847135139E-5	7.895400750792228E-5	5.1533131828207885E-5	6.773736280982942E-6	0.002011590655715248	0.38179893699440737	0.12986313018929138	1.326449213495918E-4	7.247231398538608E-5	1.8311017363985401E-4	7.546196424107284E-5	5.8001984941742975E-5	0.3497928508513158	0.05204189064555874
215	215	4.065587910270792E-5	1.1913170800457938E-4	1.0293110308988917E-5	1.269950759093257E-4	0.016038827708613188	5.790435241965085E-5	1.0439541025291694E-4	0.08649092804530145	0.004610303203509864	8.31376347133244E-6	0.020657146711417895	0.3822079301660032	0.06389973127666865	1.6280210153294829E-4	8.89490897934996E-5	0.01386590239089981	0.0023661453827593672	7.118889246208776E-5	0.4020368745007868	0.007035581230781811
216	216	8.859408789599636E-5	2.596024300321893E-4	2.2429934847405916E-5	2.767376617056141E-4	2.705142419421034E-4	1.261806017001268E-4	2.2749025125051343E-4	2.1116646209742303E-4	1.3782795164477056E-4	1.811669819917118E-5	4.258095917333904E-4	0.18386531502481257	0.31264543473264633	3.547655102088856E-4	1.9383084693670534E-4	4.897373643471225E-4	2.0182681683524005E-4	1.5512922448612747E-4	0.4946066878595364	0.005422802707142019
217	217	4.487937625410585E-4	0.001315075916529789	1.1362400237739808E-4	0.001401878380185793	0.0013703522136224308	6.391969073960487E-4	0.0011524042769082165	0.0010697123622790752	6.981992418568485E-4	9.17743084524073E-5	0.47900195769328613	0.002819371039398086	0.0026601068952640575	0.0017971464228330204	9.818948099038463E-4	0.3789373941092751	0.0010224002375362313	7.858428253015727E-4	0.09622241817686462	0.027470456418188224
218	218	0.12070891934570578	4.858769376222756E-4	4.198030062112067E-5	5.179475692026486E-4	5.062996961998512E-4	2.3616205878270024E-4	4.2577516166861814E-4	3.952232416303048E-4	2.579614645964933E-4	3.390756334503044E-5	7.969534815831956E-4	0.01958675716349482	0.16788865887872015	6.639860021838943E-4	3.627775684328567E-4	0.14000479994054346	3.777429806100009E-4	2.903428620436728E-4	0.24881956263838878	0.29759836514462434
219	219	0.05864640322681166	0.6311524943436405	8.845204017563703E-6	1.0913099363785169E-4	0.03527355658498812	4.9759090817227506E-5	8.971036688277914E-5	8.327311031555926E-5	5.435220208684176E-5	7.144286989082847E-6	1.6791723815251904E-4	2.1947750055359183E-4	0.01779051927484752	0.011862194395671306	7.643684200226756E-5	0.011915420300900346	7.959003819084308E-5	6.117492756894607E-5	0.23216784322953907	1.8475684238634655E-4
220	220	8.859408789599636E-5	2.596024300321893E-4	2.2429934847405916E-5	0.034956772839096456	0.22816788826479623	1.261806017001268E-4	2.2749025125051343E-4	2.1116646209742303E-4	1.3782795164477056E-4	1.811669819917118E-5	0.040060135508751496	5.565576586038431E-4	0.1590624218042012	0.13907490621977225	1.9383084693670534E-4	4.897373643471225E-4	2.0182681683524005E-4	1.5512922448612747E-4	0.39552087306699113	4.685119675147562E-4
221	221	1.809120499554852E-4	0.02076376696279041	4.580266685939384E-5	0.020798757671111046	5.523990055561216E-4	2.5766495101777685E-4	4.6454259732244083E-4	4.3120888139555494E-4	2.814492238183283E-4	3.6994895342051596E-5	8.695172325903828E-4	0.04160380957236305	0.0010723085561576058	7.244428745712445E-4	3.958089833837763E-4	0.5371917911363377	4.1213701768132947E-4	3.167789936811149E-4	0.3726431898354969	9.56716892568207E-4
222	222	7.394106629504758E-5	2.1666547898658377E-4	1.8720135157242105E-5	2.3096662854673363E-4	2.257725314659458E-4	1.0531095761616497E-4	1.8986449489651996E-4	1.7624057929876616E-4	1.150318937967997E-4	1.5120286402912688E-5	3.5538280261304645E-4	4.6450578937223786E-4	0.07900090425428032	2.960890589036362E-4	1.6177218868370817E-4	0.6826632255398076	0.07046133233828428	1.2947162214135087E-4	0.16470865993567194	3.910224177791583E-4
223	223	1.3987454651286793E-4	4.098667646651392E-4	3.541293826262031E-5	4.3692029404428803E-4	4.2709460434135673E-4	1.9921706809878043E-4	0.2975935437770365	3.3339485541380634E-4	2.1760619349387746E-4	2.8603093108135904E-5	6.722787598926111E-4	0.0947421943768774	8.290695564575115E-4	5.601125993545735E-4	3.060249556076979E-4	0.26671975692587163	3.186491914912599E-4	2.44921872793168E-4	0.33504575929523833	7.39698331438429E-4
224	224	1.5988427386305498E-4	4.6850017878740215E-4	4.047892958820327E-5	4.99423845802259E-4	0.01837004439705508	2.2771602888571333E-4	4.1054786494117693E-4	3.8108859471877403E-4	2.487358072090073E-4	3.2694903296154356E-5	7.684514734001074E-4	0.0010044103305545606	9.476719483339287E-4	6.402394035366233E-4	3.498032989641127E-4	0.6267486357203628	3.6423349257431E-4	2.799591259522882E-4	0.3472119646429054	8.455157392690211E-4
